Seconds,Torque
0,2100
1,2102
2,2100
3,2109
4,2100
5,2103
6,2101
7,2101
8,2102
9,2101
10,2105
11,2102
12,2100
13,2103
14,2105
15,2102
16,2099
17,2099
18,2107
19,2103
20,2133
21,2107
22,2107
23,2103
24,2103
25,2106
26,2102
27,2086
28,2098
29,2104
30,2104
31,2100
32,2104
33,2104
34,2108
35,2108
36,2110
37,2106
38,2100
39,2106
40,2104
41,2102
42,2102
43,2109
44,2110
45,2109
46,2117
47,2108
48,2108
49,2104
50,2104
51,2103
52,2106
53,2104
54,2104
55,2109
56,2108
57,2105
58,2107
59,2107
60,2108
61,2108
62,2109
63,2104
64,2108
65,2106
66,2112
67,2106
68,2106
69,2104
70,2105
71,2107
72,2110
73,2106
74,2106
75,2106
76,2107
77,2108
78,2104
79,2110
80,2119
81,2104
82,2106
83,2106
84,2111
85,2107
86,2107
87,2105
88,2107
89,2111
90,2108
91,2104
92,2110
93,2108
94,2121
95,2103
96,2110
97,2108
98,2108
99,2115
100,2110
101,2110
102,2107
103,2108
104,2109
105,2108
106,2109
107,2112
108,2115
109,2114
110,2111
111,2108
112,2106
113,2107
114,2102
115,2105
116,2111
117,2111
118,2114
119,2108
120,2106
121,2107
122,2108
123,2122
124,2107
125,2110
126,2108
127,2110
128,2108
129,2106
130,2105
131,2108
132,2108
133,2120
134,2106
135,2108
136,2108
137,2108
138,2112
139,2106
140,2108
141,2106
142,2106
143,2107
144,2108
145,2110
146,2108
147,2108
148,2109
149,2110
150,2112
151,2100
152,2105
153,2107
154,2109
155,2134
156,2109
157,2105
158,2108
159,2110
160,2107
161,2120
162,2108
163,2108
164,2107
165,2110
166,2109
167,2112
168,2109
169,2105
170,2106
171,2105
172,2108
173,2108
174,2108
175,2107
176,2108
177,2108
178,2107
179,2106
180,2109
181,2110
182,2108
183,2110
184,2112
185,2109
186,2109
187,2068
188,2110
189,2106
190,2108
191,2109
192,2110
193,2107
194,2110
195,2103
196,2107
197,2106
198,2108
199,2108
200,2108
201,2099
202,2108
203,2110
204,2109
205,2109
206,2108
207,2108
208,2110
209,2111
210,2108
211,2107
212,2108
213,2107
214,2103
215,2106
216,2105
217,2108
218,2108
219,2108
220,2112
221,2110
222,2109
223,2109
224,2112
225,2105
226,2106
227,2108
228,2104
229,2116
230,2103
231,2113
232,2109
233,2107
234,2106
235,2108
236,2106
237,2111
238,2105
239,2109
240,2084
241,2109
242,2104
243,2105
244,2108
245,2110
246,2109
247,2110
248,2112
249,2106
250,2108
251,2111
252,2108
253,2107
254,2108
255,2111
256,2108
257,2105
258,2112
259,2110
260,2109
261,2107
262,2105
263,2110
264,2108
265,2106
266,2106
267,2105
268,2105
269,2108
270,2108
271,2108
272,2111
273,2106
274,2097
275,2111
276,2102
277,2107
278,2109
279,2105
280,2099
281,2111
282,2106
283,2101
284,2108
285,2106
286,2106
287,2103
288,2105
289,2108
290,2103
291,2107
292,2109
293,2170
294,2108
295,2116
296,2110
297,2109
298,2113
299,2104
300,2105
301,2109
302,2108
303,2108
304,2107
305,2108
306,2108
307,2111
308,2108
309,2110
310,2112
311,2109
312,2111
313,2106
314,2106
315,2108
316,2107
317,2110
318,2109
319,2103
320,2108
321,2097
322,2110
323,2105
324,2110
325,2110
326,2106
327,2110
328,2097
329,2109
330,2108
331,2108
332,2108
333,2108
334,2108
335,2106
336,2119
337,2106
338,2106
339,2108
340,2108
341,2109
342,2108
343,2110
344,2114
345,2111
346,2111
347,2109
348,2108
349,2110
350,2103
351,2105
352,2103
353,2108
354,2108
355,2106
356,2107
357,2108
358,2106
359,2107
360,2110
361,2108
362,2113
363,2099
364,2105
365,2108
366,2106
367,2108
368,2110
369,2109
370,2107
371,2110
372,2106
373,2108
374,2105
375,2104
376,2107
377,2110
378,2104
379,2111
380,2118
381,2107
382,2108
383,2110
384,2109
385,2109
386,2108
387,2108
388,2107
389,2111
390,2107
391,2111
392,2107
393,2109
394,2108
395,2109
396,2113
397,2110
398,2116
399,2104
400,2107
401,2110
402,2108
403,2109
404,2108
405,2108
406,2106
407,2107
408,2111
409,2101
410,2108
411,2109
412,2110
413,2108
414,2109
415,2112
416,2110
417,2108
418,2108
419,2110
420,2108
421,2110
422,2109
423,2108
424,2118
425,2108
426,2112
427,2106
428,2104
429,2109
430,2106
431,2110
432,2108
433,2116
434,2108
435,2108
436,2108
437,2108
438,2108
439,2110
440,2108
441,2112
442,2105
443,2097
444,2103
445,2108
446,2105
447,2109
448,2108
449,2111
450,2111
451,2103
452,2104
453,2108
454,2106
455,2110
456,2110
457,2108
458,2112
459,2105
460,2109
461,2107
462,2109
463,2107
464,2106
465,2107
466,2108
467,2105
468,2104
469,2103
470,2110
471,2111
472,2106
473,2105
474,2109
475,2112
476,2110
477,2105
478,2106
479,2103
480,2106
481,2108
482,2110
483,2105
484,2106
485,2111
486,2101
487,2141
488,2110
489,2106
490,2102
491,2104
492,2106
493,2108
494,2110
495,2106
496,2100
497,2106
498,2105
499,2104
500,2108
501,2112
502,2110
503,2111
504,2108
505,2105
506,2105
507,2107
508,2099
509,2107
510,2106
511,2111
512,2107
513,2108
514,2110
515,2110
516,2106
517,2092
518,2106
519,2104
520,2108
521,2104
522,2110
523,2109
524,2107
525,2110
526,2108
527,2108
528,2110
529,2109
530,2109
531,2110
532,2111
533,2107
534,2106
535,2105
536,2110
537,2108
538,2110
539,2107
540,2081
541,2106
542,2111
543,2109
544,2107
545,2109
546,2108
547,2111
548,2109
549,2107
550,2108
551,2110
552,2110
553,2109
554,2108
555,2110
556,2104
557,2106
558,2114
559,2107
560,2117
561,2111
562,2104
563,2100
564,2108
565,2107
566,2108
567,2114
568,2107
569,2104
570,2106
571,2106
572,2110
573,2106
574,2119
575,2098
576,2110
577,2108
578,2104
579,2109
580,2107
581,2105
582,2109
583,2104
584,2104
585,2104
586,2109
587,2109
588,2108
589,2106
590,2101
591,2104
592,2105
593,2146
594,2108
595,2109
596,2108
597,2107
598,2104
599,2108
600,2108
601,2109
602,2106
603,2104
604,2106
605,2098
606,2108
607,2112
608,2110
609,2108
610,2107
611,2111
612,2107
613,2110
614,2107
615,2121
616,2105
617,2109
618,2107
619,2107
620,2114
621,2106
622,2111
623,2109
624,2110
625,2110
626,2112
627,2106
628,2100
629,2110
630,2108
631,2108
632,2108
633,2106
634,2110
635,2107
636,2106
637,2106
638,2107
639,2107
640,2107
641,2107
642,2107
643,2108
644,2109
645,2111
646,2105
647,2108
648,2113
649,2111
650,2110
651,2108
652,2107
653,2107
654,2107
655,2106
656,2106
657,2110
658,2107
659,2103
660,2109
661,2109
662,2111
663,2105
664,2112
665,2106
666,2109
667,2108
668,2109
669,2110
670,2109
671,2108
672,2108
673,2108
674,2109
675,2110
676,2106
677,2110
678,2108
679,2111
680,2110
681,2106
682,2111
683,2109
684,2108
685,2108
686,2110
687,2110
688,2107
689,2108
690,2106
691,2107
692,2107
693,2104
694,2106
695,2104
696,2105
697,2110
698,2102
699,2106
700,2106
701,2106
702,2106
703,2108
704,2106
705,2104
706,2107
707,2109
708,2109
709,2109
710,2107
711,2106
712,2097
713,2108
714,2110
715,2106
716,2104
717,2104
718,2108
719,2110
720,2108
721,2113
722,2108
723,2108
724,2118
725,2109
726,2110
727,2104
728,2108
729,2108
730,2110
731,2110
732,2110
733,2111
734,2110
735,2111
736,2105
737,2108
738,2111
739,2108
740,2110
741,2111
742,2104
743,2108
744,2108
745,2108
746,2108
747,2108
748,2104
749,2107
750,2105
751,2110
752,2113
753,2108
754,2110
755,2110
756,2107
757,2109
758,2108
759,2104
760,2105
761,2112
762,2108
763,2106
764,2107
765,2106
766,2104
767,2103
768,2093
769,2108
770,2110
771,2107
772,2111
773,2110
774,2108
775,2108
776,2106
777,2095
778,2108
779,2100
780,2105
781,2118
782,2108
783,2110
784,2108
785,2109
786,2105
787,2131
788,2104
789,2108
790,2108
791,2106
792,2109
793,2108
794,2109
795,2108
796,2110
797,2108
798,2107
799,2108
800,2105
801,2108
802,2110
803,2112
804,2104
805,2107
806,2102
807,2110
808,2110
809,2104
810,2109
811,2111
812,2111
813,2106
814,2106
815,2108
816,2106
817,2110
818,2107
819,2107
820,2108
821,2114
822,2105
823,2106
824,2109
825,2112
826,2108
827,2107
828,2110
829,2109
830,2118
831,2107
832,2107
833,2110
834,2107
835,2110
836,2108
837,2110
838,2106
839,2111
840,2107
841,2107
842,2110
843,2107
844,2110
845,2110
846,2104
847,2109
848,2106
849,2105
850,2107
851,2109
852,2146
853,2094
854,2105
855,2112
856,2106
857,2104
858,2112
859,2108
860,2110
861,2105
862,2106
863,2107
864,2107
865,2107
866,2108
867,2107
868,2107
869,2106
870,2106
871,2108
872,2109
873,2106
874,2106
875,2108
876,2109
877,2111
878,2107
879,2108
880,2109
881,2111
882,2108
883,2107
884,2107
885,2113
886,2106
887,2110
888,2116
889,2111
890,2107
891,2102
892,2111
893,2102
894,2107
895,2107
896,2108
897,2108
898,2108
899,2105
900,2107
901,2106
902,2109
903,2086
904,2106
905,2108
906,2106
907,2108
908,2108
909,2109
910,2107
911,2110
912,2109
913,2103
914,2110
915,2110
916,2108
917,2107
918,2108
919,2115
920,2106
921,2110
922,2109
923,2111
924,2112
925,2109
926,2108
927,2104
928,2107
929,2110
930,2111
931,2108
932,2108
933,2110
934,2106
935,2104
936,2103
937,2108
938,2108
939,2109
940,2105
941,2110
942,2110
943,2110
944,2108
945,2112
946,2164
947,2111
948,2108
949,2108
950,2108
951,2110
952,2105
953,2108
954,2108
955,2105
956,2108
957,2109
958,2108
959,2108
960,2108
961,2109
962,2109
963,2105
964,2111
965,2110
966,2108
967,2111
968,2108
969,2107
970,2107
971,2108
972,2107
973,2109
974,2108
975,2108
976,2106
977,2109
978,2104
979,2107
980,2100
981,2105
982,2108
983,2112
984,2109
985,2106
986,2104
987,2107
988,2107
989,2106
990,2108
991,2112
992,2101
993,2108
994,2105
995,2106
996,2108
997,2108
998,2106
999,2105
1000,2108
1001,2108
1002,2109
1003,2108
1004,2109
1005,2108
1006,2109
1007,2111
1008,2108
1009,2106
1010,2109
1011,2107
1012,2106
1013,2108
1014,2109
1015,2105
1016,2108
1017,2107
1018,2109
1019,2112
1020,2106
1021,2108
1022,2108
1023,2108
1024,2089
1025,2110
1026,2116
1027,2109
1028,2108
1029,2108
1030,2111
1031,2114
1032,2109
1033,2105
1034,2111
1035,2111
1036,2107
1037,2110
1038,2107
1039,2108
1040,2108
1041,2107
1042,2109
1043,2108
1044,2107
1045,2110
1046,2110
1047,2105
1048,2107
1049,2112
1050,2110
1051,2112
1052,2104
1053,2108
1054,2108
1055,2103
1056,2105
1057,2103
1058,2107
1059,2107
1060,2106
1061,2118
1062,2110
1063,2107
1064,2110
1065,2107
1066,2104
1067,2103
1068,2092
1069,2112
1070,2109
1071,2109
1072,2111
1073,2108
1074,2108
1075,2110
1076,2109
1077,2089
1078,2107
1079,2108
1080,2106
1081,2107
1082,2109
1083,2106
1084,2110
1085,2110
1086,2106
1087,2039
1088,2108
1089,2107
1090,2108
1091,2106
1092,2105
1093,2107
1094,2107
1095,2108
1096,2106
1097,2108
1098,2108
1099,2107
1100,2107
1101,2105
1102,2104
1103,2105
1104,2101
1105,2109
1106,2110
1107,2107
1108,2107
1109,2107
1110,2110
1111,2112
1112,2107
1113,2100
1114,2115
1115,2108
1116,2107
1117,2108
1118,2106
1119,2108
1120,2109
1121,2110
1122,2111
1123,2109
1124,2107
1125,2110
1126,2108
1127,2108
1128,2108
1129,2107
1130,2148
1131,2101
1132,2108
1133,2111
1134,2107
1135,2109
1136,2107
1137,2111
1138,2108
1139,2115
1140,2114
1141,2110
1142,2108
1143,2116
1144,2100
1145,2109
1146,2108
1147,2108
1148,2108
1149,2108
1150,2108
1151,2110
1152,2108
1153,2110
1154,2108
1155,2107
1156,2110
1157,2109
1158,2118
1159,2111
1160,2109
1161,2107
1162,2105
1163,2108
1164,2108
1165,2107
1166,2106
1167,2107
1168,2107
1169,2111
1170,2108
1171,2109
1172,2110
1173,2108
1174,2113
1175,2109
1176,2109
1177,2108
1178,2110
1179,2109
1180,2108
1181,2104
1182,2106
1183,2116
1184,2108
1185,2110
1186,2106
1187,2107
1188,2110
1189,2107
1190,2110
1191,2103
1192,2114
1193,2152
1194,2107
1195,2108
1196,2107
1197,2105
1198,2105
1199,2104
1200,2110
1201,2109
1202,2107
1203,2107
1204,2107
1205,2108
1206,2108
1207,2110
1208,2108
1209,2106
1210,2113
1211,2100
1212,2109
1213,2110
1214,2109
1215,2108
1216,2108
1217,2108
1218,2109
1219,2109
1220,2108
1221,2110
1222,2107
1223,2108
1224,2109
1225,2105
1226,2108
1227,2109
1228,2100
1229,2110
1230,2103
1231,2110
1232,2107
1233,2108
1234,2107
1235,2106
1236,2104
1237,2108
1238,2108
1239,2110
1240,2110
1241,2106
1242,2109
1243,2110
1244,2109
1245,2108
1246,2105
1247,2108
1248,2107
1249,2110
1250,2110
1251,2107
1252,2107
1253,2108
1254,2106
1255,2108
1256,2111
1257,2108
1258,2105
1259,2110
1260,2108
1261,2107
1262,2106
1263,2094
1264,2105
1265,2108
1266,2108
1267,2110
1268,2107
1269,2137
1270,2103
1271,2116
1272,2108
1273,2108
1274,2109
1275,2109
1276,2109
1277,2104
1278,2107
1279,2112
1280,2103
1281,2108
1282,2109
1283,2109
1284,2117
1285,2108
1286,2110
1287,2108
1288,2107
1289,2105
1290,2107
1291,2110
1292,2106
1293,2118
1294,2105
1295,2110
1296,2108
1297,2110
1298,2107
1299,2115
1300,2106
1301,2105
1302,2107
1303,2111
1304,2108
1305,2108
1306,2108
1307,2108
1308,2108
1309,2107
1310,2107
1311,2108
1312,2107
1313,2108
1314,2109
1315,2109
1316,2105
1317,2111
1318,2107
1319,2108
1320,2109
1321,2107
1322,2108
1323,2108
1324,2083
1325,2105
1326,2110
1327,2108
1328,2107
1329,2109
1330,2110
1331,2112
1332,2108
1333,2105
1334,2116
1335,2110
1336,2111
1337,2110
1338,2108
1339,2110
1340,2101
1341,2108
1342,2109
1343,2108
1344,2112
1345,2111
1346,2106
1347,2108
1348,2108
1349,2112
1350,2110
1351,2105
1352,2104
1353,2105
1354,2108
1355,2109
1356,2108
1357,2110
1358,2100
1359,2107
1360,2103
1361,2108
1362,2105
1363,2107
1364,2110
1365,2109
1366,2109
1367,2105
1368,2094
1369,2110
1370,2108
1371,2109
1372,2108
1373,2108
1374,2104
1375,2108
1376,2108
1377,2096
1378,2107
1379,2108
1380,2108
1381,2108
1382,2113
1383,2107
1384,2107
1385,2113
1386,2112
1387,2121
1388,2108
1389,2105
1390,2109
1391,2111
1392,2110
1393,2105
1394,2108
1395,2110
1396,2106
1397,2109
1398,2110
1399,2110
1400,2105
1401,2116
1402,2107
1403,2108
1404,2110
1405,2108
1406,2109
1407,2109
1408,2144
1409,2120
1410,2108
1411,2112
1412,2106
1413,2109
1414,2107
1415,2107
1416,2107
1417,2097
1418,2111
1419,2109
1420,2108
1421,2110
1422,2109
1423,2107
1424,2108
1425,2108
1426,2107
1427,2108
1428,2107
1429,2108
1430,2108
1431,2110
1432,2110
1433,2104
1434,2107
1435,2108
1436,2109
1437,2111
1438,2105
1439,2104
1440,2102
1441,2106
1442,2108
1443,2108
1444,2107
1445,2107
1446,2110
1447,2109
1448,2104
1449,2106
1450,2106
1451,2108
1452,2107
1453,2106
1454,2108
1455,2110
1456,2105
1457,2111
1458,2116
1459,2108
1460,2106
1461,2100
1462,2106
1463,2108
1464,2108
1465,2108
1466,2107
1467,2108
1468,2106
1469,2110
1470,2107
1471,2108
1472,2106
1473,2108
1474,2146
1475,2108
1476,2110
1477,2081
1478,2103
1479,2109
1480,2108
1481,2111
1482,2107
1483,2112
1484,2107
1485,2109
1486,2108
1487,2108
1488,2109
1489,2110
1490,2106
1491,2105
1492,2102
1493,2054
1494,2108
1495,2110
1496,2110
1497,2106
1498,2105
1499,2108
1500,2105
1501,2108
1502,2108
1503,2098
1504,2108
1505,2108
1506,2110
1507,2106
1508,2106
1509,2107
1510,2110
1511,2106
1512,2109
1513,2110
1514,2108
1515,2112
1516,2100
1517,2105
1518,2112
1519,2106
1520,2107
1521,2108
1522,2108
1523,2108
1524,2109
1525,2116
1526,2111
1527,2129
1528,2109
1529,2111
1530,2108
1531,2118
1532,2109
1533,2108
1534,2109
1535,2108
1536,2102
1537,2108
1538,2108
1539,2105
1540,2106
1541,2106
1542,2110
1543,2108
1544,2111
1545,2106
1546,2105
1547,2120
1548,2109
1549,2110
1550,2108
1551,2108
1552,2103
1553,2108
1554,2110
1555,2108
1556,2107
1557,2110
1558,2111
1559,2106
1560,2102
1561,2107
1562,2107
1563,2099
1564,2104
1565,2108
1566,2109
1567,2107
1568,2108
1569,2107
1570,2105
1571,2102
1572,2108
1573,2100
1574,2106
1575,2105
1576,2108
1577,2107
1578,2105
1579,2112
1580,2100
1581,2106
1582,2109
1583,2109
1584,2108
1585,2108
1586,2110
1587,2106
1588,2101
1589,2103
1590,2104
1591,2109
1592,2108
1593,2107
1594,2106
1595,2108
1596,2108
1597,2105
1598,2114
1599,2105
1600,2108
1601,2109
1602,2110
1603,2116
1604,2108
1605,2113
1606,2106
1607,2111
1608,2108
1609,2109
1610,2109
1611,2111
1612,2104
1613,2106
1614,2108
1615,2110
1616,2180
1617,2121
1618,2105
1619,2109
1620,2108
1621,2109
1622,2110
1623,2108
1624,2125
1625,2110
1626,2107
1627,2107
1628,2108
1629,2107
1630,2108
1631,2108
1632,2108
1633,2103
1634,2108
1635,2122
1636,2108
1637,2116
1638,2110
1639,2105
1640,2108
1641,2108
1642,2110
1643,2110
1644,2106
1645,2108
1646,2106
1647,2104
1648,2109
1649,2111
1650,2111
1651,2112
1652,2089
1653,2112
1654,2110
1655,2107
1656,2106
1657,2108
1658,2108
1659,2107
1660,2106
1661,2108
1662,2106
1663,2110
1664,2106
1665,2112
1666,2108
1667,2108
1668,2124
1669,2104
1670,2111
1671,2109
1672,2108
1673,2112
1674,2108
1675,2108
1676,2109
1677,2108
1678,2108
1679,2104
1680,2109
1681,2105
1682,2109
1683,2110
1684,2109
1685,2111
1686,2108
1687,2067
1688,2108
1689,2108
1690,2110
1691,2110
1692,2107
1693,2112
1694,2111
1695,2104
1696,2106
1697,2106
1698,2103
1699,2108
1700,2108
1701,2109
1702,2106
1703,2111
1704,2107
1705,2105
1706,2108
1707,2109
1708,2105
1709,2112
1710,2111
1711,2108
1712,2105
1713,2110
1714,2105
1715,2110
1716,2105
1717,2106
1718,2106
1719,2109
1720,2107
1721,2119
1722,2110
1723,2108
1724,2111
1725,2108
1726,2108
1727,2108
1728,2108
1729,2109
1730,2116
1731,2110
1732,2121
1733,2107
1734,2108
1735,2109
1736,2110
1737,2110
1738,2104
1739,2109
1740,2083
1741,2107
1742,2108
1743,2110
1744,2108
1745,2109
1746,2111
1747,2112
1748,2107
1749,2104
1750,2107
1751,2108
1752,2118
1753,2108
1754,2110
1755,2106
1756,2096
1757,2107
1758,2113
1759,2108
1760,2111
1761,2116
1762,2106
1763,2105
1764,2107
1765,2108
1766,2105
1767,2109
1768,2108
1769,2107
1770,2110
1771,2108
1772,2106
1773,2106
1774,2110
1775,2108
1776,2108
1777,2107
1778,2109
1779,2108
1780,2110
1781,2108
1782,2110
1783,2114
1784,2106
1785,2106
1786,2106
1787,2106
1788,2108
1789,2107
1790,2104
1791,2107
1792,2106
1793,2075
1794,2107
1795,2107
1796,2108
1797,2111
1798,2118
1799,2120
1800,2107
1801,2109
1802,2106
1803,2106
1804,2105
1805,2109
1806,2108
1807,2109
1808,2107
1809,2111
1810,2102
1811,2113
1812,2108
1813,2118
1814,2108
1815,2109
1816,2106
1817,2108
1818,2107
1819,2108
1820,2110
1821,2105
1822,2106
1823,2108
1824,2111
1825,2126
1826,2102
1827,2108
1828,2103
1829,2109
1830,2108
1831,2108
1832,2108
1833,2106
1834,2108
1835,2108
1836,2101
1837,2108
1838,2109
1839,2108
1840,2108
1841,2109
1842,2109
1843,2114
1844,2110
1845,2110
1846,2096
1847,2109
1848,2110
1849,2108
1850,2110
1851,2105
1852,2106
1853,2108
1854,2110
1855,2110
1856,2105
1857,2108
1858,2107
1859,2108
1860,2108
1861,2109
1862,2110
1863,2119
1864,2109
1865,2108
1866,2101
1867,2110
1868,2107
1869,2111
1870,2105
1871,2114
1872,2112
1873,2109
1874,2106
1875,2108
1876,2106
1877,2106
1878,2107
1879,2110
1880,2096
1881,2105
1882,2111
1883,2109
1884,2110
1885,2108
1886,2106
1887,2108
1888,2100
1889,2106
1890,2108
1891,2107
1892,2108
1893,2107
1894,2102
1895,2109
1896,2111
1897,2107
1898,2114
1899,2104
1900,2109
1901,2112
1902,2110
1903,2105
1904,2109
1905,2108
1906,2108
1907,2110
1908,2110
1909,2106
1910,2110
1911,2109
1912,2110
1913,2106
1914,2104
1915,2110
1916,2108
1917,2111
1918,2107
1919,2109
1920,2108
1921,2109
1922,2108
1923,2106
1924,2116
1925,2108
1926,2109
1927,2107
1928,2110
1929,2107
1930,2111
1931,2110
1932,2108
1933,2101
1934,2145
1935,2108
1936,2108
1937,2109
1938,2109
1939,2107
1940,2097
1941,2105
1942,2110
1943,2107
1944,2104
1945,2108
1946,2102
1947,2106
1948,2105
1949,2109
1950,2108
1951,2108
1952,2109
1953,2110
1954,2108
1955,2107
1956,2110
1957,2108
1958,2110
1959,2107
1960,2107
1961,2106
1962,2108
1963,2106
1964,2126
1965,2106
1966,2105
1967,2108
1968,2112
1969,2106
1970,2110
1971,2108
1972,2108
1973,2108
1974,2109
1975,2108
1976,2109
1977,2112
1978,2106
1979,2110
1980,2108
1981,2108
1982,2108
1983,2109
1984,2107
1985,2112
1986,2118
1987,2140
1988,2116
1989,2105
1990,2108
1991,2109
1992,2106
1993,2108
1994,2108
1995,2110
1996,2108
1997,2109
1998,2109
1999,2106
2000,2106
2001,2110
2002,2111
2003,2112
2004,2112
2005,2105
2006,2111
2007,2110
2008,2108
2009,2106
2010,2110
2011,2107
2012,2109
2013,2107
2014,2110
2015,2104
2016,2108
2017,2105
2018,2108
2019,2107
2020,2107
2021,2104
2022,2109
2023,2110
2024,2109
2025,2107
2026,2107
2027,2109
2028,2109
2029,2107
2030,2112
2031,2108
2032,2108
2033,2109
2034,2108
2035,2113
2036,2110
2037,2112
2038,2103
2039,2116
2040,2150
2041,2108
2042,2108
2043,2105
2044,2106
2045,2106
2046,2105
2047,2105
2048,2106
2049,2108
2050,2108
2051,2108
2052,2107
2053,2108
2054,2101
2055,2110
2056,2108
2057,2109
2058,2108
2059,2111
2060,2109
2061,2108
2062,2108
2063,2109
2064,2110
2065,2106
2066,2107
2067,2104
2068,2108
2069,2107
2070,2111
2071,2106
2072,2110
2073,2108
2074,2085
2075,2109
2076,2106
2077,2109
2078,2107
2079,2107
2080,2106
2081,2108
2082,2109
2083,2114
2084,2108
2085,2100
2086,2109
2087,2105
2088,2118
2089,2109
2090,2106
2091,2108
2092,2108
2093,2168
2094,2109
2095,2109
2096,2112
2097,2108
2098,2108
2099,2109
2100,2109
2101,2104
2102,2108
2103,2117
2104,2104
2105,2125
2106,2112
2107,2110
2108,2106
2109,2111
2110,2116
2111,2107
2112,2108
2113,2108
2114,2106
2115,2106
2116,2108
2117,2115
2118,2110
2119,2106
2120,2109
2121,2106
2122,2105
2123,2108
2124,2109
2125,2111
2126,2110
2127,2104
2128,2111
2129,2110
2130,2108
2131,2108
2132,2107
2133,2108
2134,2102
2135,2110
2136,2112
2137,2104
2138,2106
2139,2106
2140,2108
2141,2106
2142,2108
2143,2110
2144,2108
2145,2107
2146,2089
2147,2109
2148,2109
2149,2108
2150,2108
2151,2105
2152,2105
2153,2110
2154,2107
2155,2108
2156,2106
2157,2106
2158,2106
2159,2108
2160,2092
2161,2108
2162,2109
2163,2108
2164,2108
2165,2110
2166,2111
2167,2111
2168,2106
2169,2110
2170,2107
2171,2135
2172,2099
2173,2110
2174,2105
2175,2110
2176,2105
2177,2108
2178,2104
2179,2108
2180,2106
2181,2107
2182,2108
2183,2110
2184,2110
2185,2106
2186,2108
2187,2111
2188,2108
2189,2106
2190,2109
2191,2110
2192,2109
2193,2108
2194,2108
2195,2110
2196,2112
2197,2106
2198,2104
2199,2108
2200,2108
2201,2099
2202,2110
2203,2108
2204,2107
2205,2106
2206,2110
2207,2107
2208,2105
2209,2106
2210,2110
2211,2107
2212,2106
2213,2106
2214,2108
2215,2110
2216,2102
2217,2108
2218,2107
2219,2110
2220,2107
2221,2109
2222,2111
2223,2109
2224,2105
2225,2108
2226,2108
2227,2110
2228,2108
2229,2110
2230,2106
2231,2110
2232,2107
2233,2105
2234,2103
2235,2125
2236,2111
2237,2110
2238,2106
2239,2107
2240,2108
2241,2106
2242,2039
2243,2107
2244,2108
2245,2113
2246,2108
2247,2113
2248,2108
2249,2110
2250,2107
2251,2108
2252,2106
2253,2109
2254,2108
2255,2107
2256,2109
2257,2104
2258,2104
2259,2114
2260,2111
2261,2109
2262,2107
2263,2108
2264,2106
2265,2108
2266,2106
2267,2111
2268,2118
2269,2110
2270,2108
2271,2105
2272,2108
2273,2108
2274,2108
2275,2109
2276,2110
2277,2112
2278,2109
2279,2107
2280,2105
2281,2108
2282,2121
2283,2105
2284,2104
2285,2112
2286,2109
2287,2055
2288,2105
2289,2106
2290,2108
2291,2109
2292,2101
2293,2110
2294,2109
2295,2104
2296,2108
2297,2102
2298,2108
2299,2107
2300,2109
2301,2109
2302,2108
2303,2111
2304,2115
2305,2105
2306,2109
2307,2110
2308,2109
2309,2109
2310,2107
2311,2107
2312,2107
2313,2106
2314,2107
2315,2106
2316,2111
2317,2114
2318,2104
2319,2109
2320,2107
2321,2071
2322,2106
2323,2111
2324,2110
2325,2104
2326,2107
2327,2109
2328,2107
2329,2111
2330,2108
2331,2105
2332,2106
2333,2107
2334,2108
2335,2108
2336,2109
2337,2108
2338,2107
2339,2112
2340,2110
2341,2112
2342,2108
2343,2109
2344,2105
2345,2110
2346,2109
2347,2110
2348,2108
2349,2106
2350,2114
2351,2109
2352,2108
2353,2111
2354,2091
2355,2106
2356,2107
2357,2112
2358,2109
2359,2112
2360,2110
2361,2109
2362,2108
2363,2108
2364,2103
2365,2112
2366,2109
2367,2106
2368,2106
2369,2109
2370,2109
2371,2108
2372,2112
2373,2108
2374,2094
2375,2113
2376,2110
2377,2110
2378,2105
2379,2105
2380,2106
2381,2107
2382,2119
2383,2104
2384,2109
2385,2107
2386,2109
2387,2105
2388,2108
2389,2109
2390,2108
2391,2108
2392,2105
2393,2128
2394,2108
2395,2108
2396,2110
2397,2107
2398,2109
2399,2105
2400,2108
2401,2109
2402,2108
2403,2110
2404,2106
2405,2109
2406,2110
2407,2108
2408,2107
2409,2108
2410,2102
2411,2106
2412,2108
2413,2109
2414,2109
2415,2105
2416,2108
2417,2102
2418,2106
2419,2107
2420,2108
2421,2108
2422,2108
2423,2110
2424,2106
2425,2118
2426,2110
2427,2107
2428,2100
2429,2109
2430,2108
2431,2113
2432,2110
2433,2109
2434,2106
2435,2108
2436,2109
2437,2103
2438,2106
2439,2105
2440,2109
2441,2107
2442,2108
2443,2110
2444,2110
2445,2102
2446,2107
2447,2113
2448,2107
2449,2110
2450,2105
2451,2122
2452,2104
2453,2105
2454,2109
2455,2107
2456,2107
2457,2108
2458,2106
2459,2108
2460,2108
2461,2108
2462,2111
2463,2107
2464,2107
2465,2108
2466,2108
2467,2109
2468,2109
2469,2108
2470,2110
2471,2124
2472,2105
2473,2111
2474,2109
2475,2105
2476,2105
2477,2109
2478,2105
2479,2110
2480,2101
2481,2108
2482,2109
2483,2109
2484,2110
2485,2112
2486,2108
2487,2107
2488,2109
2489,2106
2490,2110
2491,2107
2492,2107
2493,2108
2494,2110
2495,2108
2496,2105
2497,2108
2498,2113
2499,2105
2500,2109
2501,2108
2502,2108
2503,2109
2504,2110
2505,2108
2506,2105
2507,2111
2508,2112
2509,2108
2510,2106
2511,2106
2512,2108
2513,2108
2514,2112
2515,2113
2516,2110
2517,2106
2518,2111
2519,2109
2520,2109
2521,2123
2522,2107
2523,2105
2524,2124
2525,2108
2526,2108
2527,2109
2528,2110
2529,2107
2530,2111
2531,2111
2532,2106
2533,2113
2534,2116
2535,2108
2536,2109
2537,2109
2538,2109
2539,2108
2540,2108
2541,2110
2542,2105
2543,2110
2544,2104
2545,2106
2546,2109
2547,2106
2548,2106
2549,2108
2550,2111
2551,2108
2552,2105
2553,2111
2554,2108
2555,2081
2556,2105
2557,2111
2558,2108
2559,2108
2560,2108
2561,2110
2562,2107
2563,2108
2564,2108
2565,2107
2566,2109
2567,2121
2568,2117
2569,2111
2570,2110
2571,2107
2572,2108
2573,2109
2574,2107
2575,2108
2576,2109
2577,2126
2578,2106
2579,2103
2580,2104
2581,2108
2582,2105
2583,2109
2584,2108
2585,2105
2586,2109
2587,2100
2588,2111
2589,2108
2590,2103
2591,2105
2592,2107
2593,2108
2594,2113
2595,2106
2596,2108
2597,2106
2598,2108
2599,2108
2600,2108
2601,2107
2602,2109
2603,2108
2604,2110
2605,2113
2606,2110
2607,2105
2608,2104
2609,2108
2610,2108
2611,2106
2612,2108
2613,2110
2614,2112
2615,2105
2616,2105
2617,2108
2618,2110
2619,2104
2620,2105
2621,2094
2622,2105
2623,2108
2624,2110
2625,2108
2626,2107
2627,2105
2628,2106
2629,2106
2630,2094
2631,2106
2632,2098
2633,2106
2634,2108
2635,2104
2636,2108
2637,2108
2638,2108
2639,2112
2640,2164
2641,2109
2642,2108
2643,2110
2644,2108
2645,2106
2646,2108
2647,2092
2648,2105
2649,2106
2650,2106
2651,2108
2652,2107
2653,2108
2654,2105
2655,2110
2656,2105
2657,2104
2658,2097
2659,2108
2660,2113
2661,2106
2662,2106
2663,2107
2664,2107
2665,2106
2666,2108
2667,2106
2668,2108
2669,2108
2670,2112
2671,2110
2672,2112
2673,2110
2674,2095
2675,2106
2676,2105
2677,2109
2678,2109
2679,2105
2680,2105
2681,2112
2682,2104
2683,2099
2684,2110
2685,2106
2686,2107
2687,2107
2688,2108
2689,2107
2690,2106
2691,2107
2692,2105
2693,2159
2694,2108
2695,2110
2696,2110
2697,2106
2698,2105
2699,2107
2700,2112
2701,2110
2702,2104
2703,2105
2704,2109
2705,2106
2706,2112
2707,2108
2708,2108
2709,2108
2710,2103
2711,2113
2712,2109
2713,2110
2714,2109
2715,2109
2716,2107
2717,2107
2718,2108
2719,2108
2720,2106
2721,2105
2722,2107
2723,2110
2724,2107
2725,2110
2726,2110
2727,2098
2728,2112
2729,2145
2730,2114
2731,2107
2732,2107
2733,2107
2734,2105
2735,2107
2736,2110
2737,2108
2738,2107
2739,2105
2740,2108
2741,2110
2742,2110
2743,2110
2744,2108
2745,2110
2746,2095
2747,2106
2748,2105
2749,2110
2750,2102
2751,2105
2752,2118
2753,2108
2754,2105
2755,2106
2756,2109
2757,2108
2758,2107
2759,2108
2760,2108
2761,2105
2762,2110
2763,2100
2764,2106
2765,2107
2766,2111
2767,2112
2768,2107
2769,2104
2770,2105
2771,2048
2772,2110
2773,2104
2774,2107
2775,2103
2776,2104
2777,2107
2778,2105
2779,2108
2780,2118
2781,2106
2782,2106
2783,2108
2784,2108
2785,2110
2786,2112
2787,2108
2788,2105
2789,2108
2790,2108
2791,2108
2792,2108
2793,2108
2794,2106
2795,2108
2796,2101
2797,2108
2798,2115
2799,2096
2800,2108
2801,2111
2802,2110
2803,2106
2804,2107
2805,2108
2806,2106
2807,2110
2808,2108
2809,2107
2810,2107
2811,2104
2812,2108
2813,2107
2814,2112
2815,2110
2816,2110
2817,2108
2818,2108
2819,2107
2820,2107
2821,2102
2822,2107
2823,2108
2824,2115
2825,2109
2826,2108
2827,2108
2828,2109
2829,2105
2830,2107
2831,2107
2832,2108
2833,2113
2834,2103
2835,2106
2836,2109
2837,2109
2838,2110
2839,2108
2840,2108
2841,2106
2842,2104
2843,2109
2844,2107
2845,2108
2846,2106
2847,2109
2848,2104
2849,2106
2850,2109
2851,2111
2852,2108
2853,2112
2854,2115
2855,2107
2856,2100
2857,2109
2858,2108
2859,2109
2860,2110
2861,2108
2862,2108
2863,2105
2864,2110
2865,2105
2866,2108
2867,2112
2868,2110
2869,2096
2870,2112
2871,2108
2872,2108
2873,2110
2874,2108
2875,2106
2876,2108
2877,2116
2878,2106
2879,2124
2880,2109
2881,2109
2882,2108
2883,2108
2884,2110
2885,2106
2886,2101
2887,2151
2888,2109
2889,2111
2890,2109
2891,2104
2892,2108
2893,2108
2894,2109
2895,2104
2896,2108
2897,2108
2898,2107
2899,2110
2900,2106
2901,2104
2902,2106
2903,2108
2904,2112
2905,2106
2906,2110
2907,2107
2908,2108
2909,2110
2910,2109
2911,2108
2912,2106
2913,2108
2914,2111
2915,2104
2916,2108
2917,2109
2918,2108
2919,2105
2920,2107
2921,2169
2922,2111
2923,2107
2924,2111
2925,2110
2926,2102
2927,2111
2928,2104
2929,2105
2930,2100
2931,2107
2932,2107
2933,2108
2934,2110
2935,2105
2936,2109
2937,2103
2938,2099
2939,2103
2940,2155
2941,2108
2942,2107
2943,2106
2944,2105
2945,2109
2946,2105
2947,2106
2948,2110
2949,2107
2950,2105
2951,2108
2952,2107
2953,2116
2954,2108
2955,2110
2956,2106
2957,2113
2958,2108
2959,2109
2960,2109
2961,2108
2962,2106
2963,2110
2964,2108
2965,2104
2966,2106
2967,2108
2968,2103
2969,2107
2970,2108
2971,2106
2972,2104
2973,2110
2974,2099
2975,2110
2976,2107
2977,2109
2978,2110
2979,2106
2980,2107
2981,2110
2982,2114
2983,2101
2984,2106
2985,2104
2986,2105
2987,2109
2988,2106
2989,2110
2990,2107
2991,2105
2992,2110
2993,2093
2994,2110
2995,2107
2996,2109
2997,2108
2998,2108
2999,2106
3000,2108
3001,2110
3002,2108
3003,2108
3004,2108
3005,2108
3006,2107
3007,2128
3008,2112
3009,2108
3010,2108
3011,2114
3012,2111
3013,2107
3014,2107
3015,2110
3016,2108
3017,2119
3018,2105
3019,2107
3020,2105
3021,2109
3022,2104
3023,2108
3024,2108
3025,2108
3026,2105
3027,2096
3028,2108
3029,2108
3030,2107
3031,2111
3032,2108
3033,2107
3034,2105
3035,2110
3036,2112
3037,2106
3038,2108
3039,2109
3040,2106
3041,2110
3042,2113
3043,2110
3044,2109
3045,2110
3046,2106
3047,2110
3048,2105
3049,2106
3050,2109
3051,2106
3052,2110
3053,2108
3054,2111
3055,2103
3056,2105
3057,2110
3058,2102
3059,2105
3060,2120
3061,2106
3062,2108
3063,2105
3064,2107
3065,2106
3066,2110
3067,2107
3068,2105
3069,2106
3070,2104
3071,2114
3072,2105
3073,2110
3074,2108
3075,2105
3076,2108
3077,2106
3078,2108
3079,2108
3080,2119
3081,2107
3082,2105
3083,2107
3084,2109
3085,2108
3086,2106
3087,2108
3088,2107
3089,2108
3090,2109
3091,2110
3092,2108
3093,2104
3094,2107
3095,2109
3096,2105
3097,2103
3098,2104
3099,2106
3100,2104
3101,2109
3102,2106
3103,2108
3104,2107
3105,2108
3106,2112
3107,2106
3108,2108
3109,2108
3110,2114
3111,2106
3112,2108
3113,2109
3114,2113
3115,2116
3116,2107
3117,2111
3118,2108
3119,2109
3120,2108
3121,2106
3122,2108
3123,2108
3124,2106
3125,2108
3126,2106
3127,2108
3128,2109
3129,2108
3130,2106
3131,2108
3132,2110
3133,2118
3134,2164
3135,2130
3136,2105
3137,2109
3138,2104
3139,2107
3140,2109
3141,2107
3142,2104
3143,2109
3144,2114
3145,2100
3146,2096
3147,2108
3148,2105
3149,2108
3150,2105
3151,2113
3152,2103
3153,2107
3154,2102
3155,2109
3156,2106
3157,2107
3158,2103
3159,2102
3160,2106
3161,2106
3162,2104
3163,2108
3164,2107
3165,2104
3166,2108
3167,2108
3168,2095
3169,2115
3170,2107
3171,2108
3172,2108
3173,2109
3174,2111
3175,2108
3176,2108
3177,2111
3178,2107
3179,2106
3180,2103
3181,2108
3182,2105
3183,2108
3184,2105
3185,2111
3186,2098
3187,2041
3188,2109
3189,2108
3190,2106
3191,2107
3192,2108
3193,2118
3194,2107
3195,2105
3196,2105
3197,2112
3198,2105
3199,2107
3200,2109
3201,2109
3202,2109
3203,2111
3204,2113
3205,2110
3206,2108
3207,2109
3208,2108
3209,2110
3210,2106
3211,2110
3212,2108
3213,2105
3214,2107
3215,2110
3216,2101
3217,2106
3218,2108
3219,2105
3220,2110
3221,2137
3222,2104
3223,2109
3224,2108
3225,2108
3226,2112
3227,2108
3228,2108
3229,2107
3230,2100
3231,2108
3232,2107
3233,2110
3234,2110
3235,2108
3236,2104
3237,2105
3238,2111
3239,2101
3240,2086
3241,2110
3242,2109
3243,2109
3244,2112
3245,2109
3246,2109
3247,2108
3248,2112
3249,2108
3250,2107
3251,2089
3252,2108
3253,2111
3254,2109
3255,2110
3256,2110
3257,2110
3258,2105
3259,2108
3260,2109
3261,2111
3262,2106
3263,2102
3264,2110
3265,2105
3266,2105
3267,2108
3268,2109
3269,2108
3270,2107
3271,2110
3272,2106
3273,2104
3274,2108
3275,2109
3276,2108
3277,2108
3278,2120
3279,2108
3280,2110
3281,2108
3282,2106
3283,2103
3284,2110
3285,2128
3286,2119
3287,2119
3288,2110
3289,2104
3290,2108
3291,2107
3292,2112
3293,2078
3294,2110
3295,2108
3296,2106
3297,2107
3298,2108
3299,2109
3300,2107
3301,2107
3302,2106
3303,2105
3304,2105
3305,2106
3306,2106
3307,2109
3308,2107
3309,2108
3310,2110
3311,2108
3312,2108
3313,2108
3314,2108
3315,2109
3316,2110
3317,2114
3318,2110
3319,2107
3320,2108
3321,2109
3322,2105
3323,2110
3324,2110
3325,2108
3326,2105
3327,2110
3328,2106
3329,2107
3330,2108
3331,2109
3332,2110
3333,2105
3334,2107
3335,2106
3336,2112
3337,2105
3338,2108
3339,2110
3340,2108
3341,2105
3342,2106
3343,2104
3344,2114
3345,2114
3346,2090
3347,2110
3348,2109
3349,2106
3350,2108
3351,2107
3352,2107
3353,2108
3354,2105
3355,2136
3356,2103
3357,2110
3358,2107
3359,2108
3360,2104
3361,2110
3362,2105
3363,2111
3364,2103
3365,2110
3366,2107
3367,2108
3368,2114
3369,2108
3370,2100
3371,2134
3372,2107
3373,2108
3374,2107
3375,2107
3376,2105
3377,2110
3378,2110
3379,2104
3380,2112
3381,2106
3382,2105
3383,2105
3384,2108
3385,2108
3386,2109
3387,2108
3388,2107
3389,2110
3390,2107
3391,2105
3392,2108
3393,2105
3394,2108
3395,2111
3396,2102
3397,2104
3398,2102
3399,2104
3400,2124
3401,2106
3402,2108
3403,2105
3404,2110
3405,2103
3406,2104
3407,2106
3408,2106
3409,2106
3410,2106
3411,2107
3412,2108
3413,2105
3414,2110
3415,2116
3416,2105
3417,2110
3418,2107
3419,2108
3420,2106
3421,2108
3422,2107
3423,2103
3424,2067
3425,2096
3426,2089
3427,2110
3428,2106
3429,2110
3430,2108
3431,2107
3432,2106
3433,2116
3434,2075
3435,2109
3436,2108
3437,2100
3438,2105
3439,2109
3440,2110
3441,2107
3442,2105
3443,2105
3444,2107
3445,2107
3446,2109
3447,2106
3448,2111
3449,2105
3450,2108
3451,2112
3452,2110
3453,2107
3454,2107
3455,2111
3456,2108
3457,2107
3458,2107
3459,2107
3460,2103
3461,2108
3462,2107
3463,2108
3464,2110
3465,2108
3466,2103
3467,2107
3468,2104
3469,2103
3470,2106
3471,2110
3472,2109
3473,2096
3474,2108
3475,2108
3476,2108
3477,2109
3478,2108
3479,2108
3480,2109
3481,2107
3482,2110
3483,2100
3484,2103
3485,2111
3486,2098
3487,2038
3488,2105
3489,2107
3490,2111
3491,2109
3492,2106
3493,2116
3494,2116
3495,2104
3496,2106
3497,2108
3498,2108
3499,2108
3500,2106
3501,2107
3502,2110
3503,2106
3504,2113
3505,2112
3506,2121
3507,2108
3508,2084
3509,2108
3510,2106
3511,2108
3512,2106
3513,2108
3514,2106
3515,2108
3516,2106
3517,2109
3518,2109
3519,2108
3520,2106
3521,2049
3522,2110
3523,2108
3524,2110
3525,2109
3526,2107
3527,2108
3528,2110
3529,2107
3530,2105
3531,2107
3532,2112
3533,2109
3534,2110
3535,2108
3536,2105
3537,2107
3538,2112
3539,2101
3540,2084
3541,2109
3542,2110
3543,2110
3544,2108
3545,2107
3546,2108
3547,2108
3548,2109
3549,2109
3550,2108
3551,2113
3552,2108
3553,2108
3554,2115
3555,2111
3556,2106
3557,2107
3558,2120
3559,2107
3560,2109
3561,2109
3562,2108
3563,2126
3564,2107
3565,2106
3566,2109
3567,2109
3568,2106
3569,2108
3570,2108
3571,2101
3572,2106
3573,2111
3574,2109
3575,2108
3576,2109
3577,2108
3578,2105
3579,2106
3580,2109
3581,2105
3582,2107
3583,2106
3584,2107
3585,2105
3586,2103
3587,2108
3588,2110
3589,2106
3590,2108
3591,2109
3592,2110
3593,2112
3594,2109
3595,2108
3596,2109
3597,2107
3598,2111
3599,2111
3600,2107
3601,2116
3602,2108
3603,2111
3604,2106
3605,2107
3606,2108
3607,2110
3608,2114
3609,2109
3610,2106
3611,2112
3612,2106
3613,2108
3614,2108
3615,2110
3616,2108
3617,2110
3618,2107
3619,2105
3620,2106
3621,2107
3622,2109
3623,2108
3624,2108
3625,2103
3626,2103
3627,2109
3628,2104
3629,2109
3630,2109
3631,2108
3632,2128
3633,2108
3634,2106
3635,2131
3636,2110
3637,2108
3638,2104
3639,2103
3640,2106
3641,2108
3642,2108
3643,2108
3644,2107
3645,2111
3646,2089
3647,2109
3648,2113
3649,2108
3650,2106
3651,2109
3652,2107
3653,2105
3654,2105
3655,2108
3656,2107
3657,2108
3658,2102
3659,2109
3660,2108
3661,2108
3662,2109
3663,2115
3664,2108
3665,2111
3666,2108
3667,2112
3668,2108
3669,2106
3670,2107
3671,2104
3672,2110
3673,2108
3674,2102
3675,2106
3676,2107
3677,2109
3678,2107
3679,2108
3680,2117
3681,2108
3682,2110
3683,2108
3684,2108
3685,2109
3686,2109
3687,2110
3688,2108
3689,2111
3690,2105
3691,2108
3692,2107
3693,2103
3694,2110
3695,2107
3696,2105
3697,2104
3698,2108
3699,2107
3700,2108
3701,2109
3702,2097
3703,2110
3704,2108
3705,2100
3706,2108
3707,2108
3708,2109
3709,2109
3710,2108
3711,2109
3712,2109
3713,2110
3714,2109
3715,2125
3716,2110
3717,2110
3718,2105
3719,2111
3720,2112
3721,2108
3722,2108
3723,2107
3724,2096
3725,2109
3726,2108
3727,2100
3728,2110
3729,2108
3730,2110
3731,2110
3732,2110
3733,2112
3734,2109
3735,2118
3736,2107
3737,2105
3738,2110
3739,2113
3740,2110
3741,2107
3742,2107
3743,2107
3744,2104
3745,2112
3746,2107
3747,2109
3748,2107
3749,2109
3750,2110
3751,2106
3752,2110
3753,2108
3754,2104
3755,2109
3756,2108
3757,2111
3758,2108
3759,2106
3760,2108
3761,2117
3762,2109
3763,2105
3764,2107
3765,2105
3766,2106
3767,2108
3768,2114
3769,2116
3770,2109
3771,2107
3772,2110
3773,2110
3774,2107
3775,2110
3776,2099
3777,2103
3778,2108
3779,2106
3780,2108
3781,2107
3782,2111
3783,2108
3784,2107
3785,2110
3786,2098
3787,2140
3788,2108
3789,2108
3790,2107
3791,2111
3792,2111
3793,2104
3794,2111
3795,2107
3796,2105
3797,2105
3798,2110
3799,2110
3800,2105
3801,2106
3802,2105
3803,2109
3804,2111
3805,2103
3806,2101
3807,2107
3808,2107
3809,2110
3810,2107
3811,2109
3812,2103
3813,2106
3814,2110
3815,2104
3816,2103
3817,2107
3818,2108
3819,2108
3820,2108
3821,2076
3822,2109
3823,2106
3824,2108
3825,2107
3826,2108
3827,2109
3828,2111
3829,2112
3830,2109
3831,2108
3832,2110
3833,2108
3834,2127
3835,2104
3836,2107
3837,2107
3838,2105
3839,2100
3840,2153
3841,2112
3842,2110
3843,2108
3844,2109
3845,2105
3846,2110
3847,2107
3848,2107
3849,2106
3850,2105
3851,2110
3852,2108
3853,2106
3854,2105
3855,2110
3856,2103
3857,2092
3858,2110
3859,2106
3860,2108
3861,2111
3862,2108
3863,2108
3864,2109
3865,2108
3866,2109
3867,2111
3868,2103
3869,2108
3870,2107
3871,2108
3872,2106
3873,2106
3874,2118
3875,2109
3876,2109
3877,2110
3878,2108
3879,2109
3880,2115
3881,2108
3882,2108
3883,2109
3884,2108
3885,2105
3886,2108
3887,2112
3888,2110
3889,2108
3890,2110
3891,2108
3892,2110
3893,2114
3894,2108
3895,2108
3896,2109
3897,2109
3898,2114
3899,2106
3900,2108
3901,2107
3902,2108
3903,2104
3904,2110
3905,2109
3906,2113
3907,2108
3908,2110
3909,2108
3910,2103
3911,2111
3912,2110
3913,2107
3914,2107
3915,2106
3916,2106
3917,2104
3918,2104
3919,2107
3920,2108
3921,2111
3922,2104
3923,2105
3924,2110
3925,2110
3926,2102
3927,2102
3928,2100
3929,2111
3930,2108
3931,2108
3932,2110
3933,2106
3934,2108
3935,2112
3936,2100
3937,2106
3938,2105
3939,2106
3940,2103
3941,2110
3942,2112
3943,2109
3944,2103
3945,2108
3946,2112
3947,2104
3948,2109
3949,2114
3950,2107
3951,2107
3952,2109
3953,2105
3954,2108
3955,2111
3956,2108
3957,2108
3958,2107
3959,2107
3960,2109
3961,2108
3962,2108
3963,2102
3964,2110
3965,2108
3966,2109
3967,2108
3968,2110
3969,2105
3970,2103
3971,2097
3972,2097
3973,2105
3974,2108
3975,2108
3976,2106
3977,2109
3978,2102
3979,2109
3980,2112
3981,2102
3982,2108
3983,2106
3984,2109
3985,2106
3986,2108
3987,2105
3988,2110
3989,2101
3990,2108
3991,2108
3992,2106
3993,2104
3994,2107
3995,2120
3996,2106
3997,2105
3998,2108
3999,2105
4000,2104
4001,2110
4002,2110
4003,2107
4004,2105
4005,2111
4006,2108
4007,2108
4008,2105
4009,2105
4010,2109
4011,2107
4012,2107
4013,2109
4014,2106
4015,2123
4016,2108
4017,2108
4018,2112
4019,2109
4020,2111
4021,2110
4022,2109
4023,2106
4024,2089
4025,2108
4026,2107
4027,2107
4028,2107
4029,2110
4030,2106
4031,2110
4032,2111
4033,2107
4034,2160
4035,2109
4036,2108
4037,2110
4038,2108
4039,2108
4040,2107
4041,2114
4042,2109
4043,2108
4044,2107
4045,2108
4046,2107
4047,2106
4048,2133
4049,2103
4050,2105
4051,2115
4052,2106
4053,2109
4054,2111
4055,2101
4056,2107
4057,2107
4058,2110
4059,2108
4060,2105
4061,2106
4062,2111
4063,2108
4064,2113
4065,2110
4066,2108
4067,2109
4068,2100
4069,2108
4070,2110
4071,2107
4072,2108
4073,2108
4074,2108
4075,2104
4076,2108
4077,2094
4078,2108
4079,2108
4080,2109
4081,2110
4082,2110
4083,2106
4084,2108
4085,2111
4086,2109
4087,2152
4088,2110
4089,2108
4090,2103
4091,2106
4092,2110
4093,2107
4094,2111
4095,2108
4096,2105
4097,2106
4098,2137
4099,2108
4100,2105
4101,2108
4102,2108
4103,2111
4104,2108
4105,2111
4106,2110
4107,2106
4108,2102
4109,2105
4110,2106
4111,2111
4112,2108
4113,2106
4114,2106
4115,2106
4116,2106
4117,2167
4118,2096
4119,2112
4120,2108
4121,2135
4122,2116
4123,2112
4124,2106
4125,2107
4126,2109
4127,2109
4128,2109
4129,2109
4130,2113
4131,2108
4132,2108
4133,2107
4134,2110
4135,2108
4136,2108
4137,2110
4138,2110
4139,2108
4140,2151
4141,2108
4142,2109
4143,2107
4144,2108
4145,2110
4146,2109
4147,2107
4148,2108
4149,2098
4150,2104
4151,2112
4152,2109
4153,2108
4154,2107
4155,2102
4156,2108
4157,2113
4158,2111
4159,2110
4160,2106
4161,2107
4162,2107
4163,2107
4164,2108
4165,2110
4166,2104
4167,2111
4168,2110
4169,2108
4170,2105
4171,2108
4172,2106
4173,2107
4174,2129
4175,2111
4176,2108
4177,2106
4178,2117
4179,2110
4180,2106
4181,2108
4182,2108
4183,2113
4184,2110
4185,2108
4186,2106
4187,2108
4188,2103
4189,2116
4190,2108
4191,2108
4192,2105
4193,2095
4194,2112
4195,2108
4196,2108
4197,2109
4198,2109
4199,2109
4200,2112
4201,2104
4202,2108
4203,2107
4204,2106
4205,2110
4206,2107
4207,2105
4208,2111
4209,2110
4210,2105
4211,2108
4212,2104
4213,2109
4214,2107
4215,2109
4216,2107
4217,2101
4218,2109
4219,2106
4220,2109
4221,2104
4222,2114
4223,2108
4224,2109
4225,2111
4226,2105
4227,2120
4228,2104
4229,2107
4230,2108
4231,2109
4232,2108
4233,2106
4234,2108
4235,2114
4236,2102
4237,2104
4238,2108
4239,2109
4240,2107
4241,2109
4242,2110
4243,2107
4244,2107
4245,2110
4246,2095
4247,2109
4248,2110
4249,2111
4250,2107
4251,2104
4252,2108
4253,2108
4254,2108
4255,2110
4256,2096
4257,2107
4258,2100
4259,2108
4260,2107
4261,2108
4262,2111
4263,2113
4264,2105
4265,2110
4266,2106
4267,2109
4268,2109
4269,2112
4270,2108
4271,2124
4272,2109
4273,2109
4274,2106
4275,2107
4276,2106
4277,2109
4278,2111
4279,2115
4280,2101
4281,2106
4282,2106
4283,2107
4284,2108
4285,2105
4286,2110
4287,2108
4288,2108
4289,2105
4290,2106
4291,2106
4292,2117
4293,2107
4294,2107
4295,2108
4296,2109
4297,2109
4298,2107
4299,2104
4300,2108
4301,2108
4302,2106
4303,2107
4304,2110
4305,2106
4306,2109
4307,2109
4308,2110
4309,2108
4310,2110
4311,2108
4312,2108
4313,2109
4314,2108
4315,2106
4316,2113
4317,2106
4318,2109
4319,2110
4320,2108
4321,2108
4322,2110
4323,2113
4324,2096
4325,2104
4326,2108
4327,2100
4328,2108
4329,2109
4330,2109
4331,2110
4332,2108
4333,2104
4334,2070
4335,2107
4336,2108
4337,2110
4338,2107
4339,2108
4340,2113
4341,2106
4342,2107
4343,2105
4344,2105
4345,2109
4346,2109
4347,2108
4348,2109
4349,2116
4350,2109
4351,2117
4352,2117
4353,2113
4354,2108
4355,2110
4356,2111
4357,2105
4358,2107
4359,2109
4360,2107
4361,2108
4362,2107
4363,2108
4364,2109
4365,2109
4366,2110
4367,2102
4368,2105
4369,2108
4370,2109
4371,2108
4372,2108
4373,2108
4374,2111
4375,2108
4376,2108
4377,2096
4378,2106
4379,2108
4380,2106
4381,2110
4382,2109
4383,2109
4384,2106
4385,2110
4386,2112
4387,2086
4388,2108
4389,2109
4390,2100
4391,2108
4392,2105
4393,2107
4394,2116
4395,2102
4396,2122
4397,2108
4398,2111
4399,2110
4400,2107
4401,2106
4402,2107
4403,2106
4404,2113
4405,2107
4406,2108
4407,2110
4408,2106
4409,2109
4410,2110
4411,2110
4412,2105
4413,2104
4414,2105
4415,2114
4416,2112
4417,2105
4418,2109
4419,2116
4420,2109
4421,2096
4422,2109
4423,2110
4424,2108
4425,2103
4426,2107
4427,2109
4428,2110
4429,2105
4430,2118
4431,2107
4432,2105
4433,2105
4434,2107
4435,2108
4436,2121
4437,2106
4438,2110
4439,2110
4440,2109
4441,2103
4442,2106
4443,2106
4444,2106
4445,2111
4446,2108
4447,2107
4448,2104
4449,2105
4450,2107
4451,2108
4452,2114
4453,2109
4454,2108
4455,2108
4456,2112
4457,2105
4458,2109
4459,2111
4460,2111
4461,2108
4462,2108
4463,2104
4464,2112
4465,2111
4466,2107
4467,2105
4468,2105
4469,2109
4470,2102
4471,2107
4472,2111
4473,2109
4474,2133
4475,2103
4476,2109
4477,2109
4478,2107
4479,2108
4480,2107
4481,2107
4482,2107
4483,2115
4484,2110
4485,2106
4486,2109
4487,2111
4488,2109
4489,2110
4490,2109
4491,2108
4492,2103
4493,2157
4494,2109
4495,2110
4496,2108
4497,2105
4498,2106
4499,2109
4500,2108
4501,2106
4502,2109
4503,2108
4504,2124
4505,2108
4506,2109
4507,2108
4508,2109
4509,2111
4510,2115
4511,2107
4512,2107
4513,2109
4514,2108
4515,2105
4516,2107
4517,2106
4518,2105
4519,2107
4520,2106
4521,2108
4522,2106
4523,2106
4524,2098
4525,2112
4526,2108
4527,2119
4528,2113
4529,2108
4530,2118
4531,2105
4532,2165
4533,2116
4534,2104
4535,2108
4536,2105
4537,2105
4538,2106
4539,2108
4540,2107
4541,2108
4542,2108
4543,2109
4544,2106
4545,2106
4546,2108
4547,2108
4548,2108
4549,2108
4550,2110
4551,2108
4552,2110
4553,2105
4554,2106
4555,2106
4556,2106
4557,2108
4558,2104
4559,2108
4560,2110
4561,2107
4562,2109
4563,2111
4564,2104
4565,2108
4566,2109
4567,2111
4568,2105
4569,2107
4570,2107
4571,2124
4572,2105
4573,2111
4574,2107
4575,2108
4576,2108
4577,2109
4578,2108
4579,2111
4580,2097
4581,2111
4582,2112
4583,2108
4584,2108
4585,2109
4586,2109
4587,2108
4588,2109
4589,2106
4590,2108
4591,2114
4592,2108
4593,2110
4594,2109
4595,2106
4596,2109
4597,2111
4598,2109
4599,2113
4600,2110
4601,2108
4602,2118
4603,2110
4604,2109
4605,2108
4606,2102
4607,2108
4608,2106
4609,2108
4610,2104
4611,2104
4612,2110
4613,2108
4614,2113
4615,2112
4616,2112
4617,2109
4618,2106
4619,2117
4620,2110
4621,2105
4622,2105
4623,2107
4624,2107
4625,2108
4626,2112
4627,2108
4628,2106
4629,2109
4630,2110
4631,2112
4632,2108
4633,2103
4634,2180
4635,2110
4636,2109
4637,2112
4638,2108
4639,2105
4640,2108
4641,2108
4642,2109
4643,2109
4644,2108
4645,2110
4646,2111
4647,2108
4648,2108
4649,2116
4650,2124
4651,2110
4652,2117
4653,2109
4654,2108
4655,2109
4656,2111
4657,2107
4658,2104
4659,2107
4660,2107
4661,2108
4662,2110
4663,2106
4664,2108
4665,2107
4666,2110
4667,2105
4668,2107
4669,2104
4670,2106
4671,2118
4672,2119
4673,2098
4674,2107
4675,2109
4676,2107
4677,2098
4678,2108
4679,2107
4680,2106
4681,2107
4682,2106
4683,2108
4684,2105
4685,2109
4686,2105
4687,2052
4688,2108
4689,2108
4690,2116
4691,2106
4692,2107
4693,2103
4694,2107
4695,2108
4696,2106
4697,2108
4698,2107
4699,2108
4700,2108
4701,2109
4702,2111
4703,2109
4704,2109
4705,2103
4706,2110
4707,2102
4708,2108
4709,2108
4710,2109
4711,2106
4712,2107
4713,2107
4714,2108
4715,2108
4716,2108
4717,2108
4718,2105
4719,2110
4720,2108
4721,2139
4722,2111
4723,2104
4724,2109
4725,2106
4726,2108
4727,2109
4728,2108
4729,2110
4730,2121
4731,2106
4732,2106
4733,2106
4734,2105
4735,2111
4736,2109
4737,2110
4738,2107
4739,2106
4740,2102
4741,2088
4742,2107
4743,2088
4744,2111
4745,2104
4746,2108
4747,2106
4748,2103
4749,2109
4750,2108
4751,2109
4752,2105
4753,2106
4754,2108
4755,2106
4756,2124
4757,2107
4758,2105
4759,2108
4760,2109
4761,2108
4762,2110
4763,2107
4764,2106
4765,2108
4766,2106
4767,2110
4768,2106
4769,2105
4770,2108
4771,2108
4772,2107
4773,2112
4774,2115
4775,2114
4776,2115
4777,2108
4778,2111
4779,2108
4780,2108
4781,2108
4782,2112
4783,2112
4784,2108
4785,2108
4786,2105
4787,2111
4788,2110
4789,2107
4790,2107
4791,2106
4792,2103
4793,2096
4794,2108
4795,2102
4796,2106
4797,2106
4798,2105
4799,2108
4800,2108
4801,2107
4802,2108
4803,2106
4804,2109
4805,2106
4806,2111
4807,2106
4808,2105
4809,2105
4810,2102
4811,2109
4812,2112
4813,2107
4814,2108
4815,2107
4816,2108
4817,2106
4818,2119
4819,2105
4820,2107
4821,2111
4822,2106
4823,2106
4824,2106
4825,2110
4826,2110
4827,2112
4828,2112
4829,2106
4830,2107
4831,2108
4832,2108
4833,2104
4834,2110
4835,2105
4836,2102
4837,2105
4838,2106
4839,2106
4840,2105
4841,2107
4842,2105
4843,2106
4844,2105
4845,2097
4846,2115
4847,2108
4848,2110
4849,2106
4850,2107
4851,2106
4852,2109
4853,2110
4854,2108
4855,2105
4856,2105
4857,2109
4858,2107
4859,2109
4860,2106
4861,2108
4862,2109
4863,2109
4864,2109
4865,2111
4866,2111
4867,2109
4868,2106
4869,2108
4870,2108
4871,2106
4872,2098
4873,2108
4874,2112
4875,2106
4876,2108
4877,2108
4878,2096
4879,2112
4880,2096
4881,2109
4882,2108
4883,2111
4884,2108
4885,2108
4886,2111
4887,2108
4888,2108
4889,2111
4890,2109
4891,2109
4892,2110
4893,2109
4894,2109
4895,2111
4896,2110
4897,2110
4898,2112
4899,2110
4900,2108
4901,2110
4902,2109
4903,2107
4904,2110
4905,2106
4906,2107
4907,2108
4908,2106
4909,2107
4910,2107
4911,2109
4912,2114
4913,2104
4914,2110
4915,2081
4916,2112
4917,2111
4918,2109
4919,2110
4920,2108
4921,2108
4922,2108
4923,2107
4924,2113
4925,2110
4926,2108
4927,2110
4928,2107
4929,2109
4930,2109
4931,2106
4932,2110
4933,2101
4934,2125
4935,2108
4936,2109
4937,2106
4938,2102
4939,2112
4940,2109
4941,2107
4942,2109
4943,2107
4944,2107
4945,2108
4946,2111
4947,2106
4948,2107
4949,2107
4950,2107
4951,2112
4952,2107
4953,2107
4954,2112
4955,2112
4956,2106
4957,2107
4958,2106
4959,2106
4960,2108
4961,2109
4962,2108
4963,2112
4964,2108
4965,2108
4966,2110
4967,2106
4968,2108
4969,2111
4970,2105
4971,2109
4972,2110
4973,2105
4974,2108
4975,2108
4976,2109
4977,2097
4978,2106
4979,2101
4980,2108
4981,2108
4982,2107
4983,2108
4984,2109
4985,2105
4986,2117
4987,2092
4988,2110
4989,2109
4990,2109
4991,2109
4992,2106
4993,2106
4994,2109
4995,2109
4996,2106
4997,2108
4998,2109
4999,2108
5000,2108
5001,2117
5002,2111
5003,2111
5004,2109
5005,2112
5006,2108
5007,2108
5008,2101
5009,2109
5010,2110
5011,2112
5012,2109
5013,2109
5014,2106
5015,2110
5016,2105
5017,2109
5018,2108
5019,2110
5020,2108
5021,2125
5022,2113
5023,2110
5024,2108
5025,2106
5026,2107
5027,2106
5028,2107
5029,2108
5030,2116
5031,2108
5032,2106
5033,2108
5034,2108
5035,2120
5036,2108
5037,2115
5038,2111
5039,2115
5040,2091
5041,2109
5042,2108
5043,2108
5044,2107
5045,2107
5046,2108
5047,2107
5048,2107
5049,2108
5050,2107
5051,2110
5052,2108
5053,2110
5054,2108
5055,2114
5056,2107
5057,2112
5058,2110
5059,2110
5060,2107
5061,2106
5062,2108
5063,2109
5064,2108
5065,2108
5066,2108
5067,2108
5068,2109
5069,2109
5070,2110
5071,2108
5072,2105
5073,2110
5074,2107
5075,2095
5076,2108
5077,2108
5078,2108
5079,2110
5080,2108
5081,2108
5082,2108
5083,2110
5084,2108
5085,2107
5086,2105
5087,2103
5088,2109
5089,2110
5090,2111
5091,2104
5092,2110
5093,2091
5094,2109
5095,2108
5096,2108
5097,2108
5098,2108
5099,2108
5100,2109
5101,2106
5102,2109
5103,2110
5104,2110
5105,2117
5106,2108
5107,2108
5108,2111
5109,2111
5110,2116
5111,2108
5112,2107
5113,2108
5114,2110
5115,2108
5116,2107
5117,2109
5118,2147
5119,2108
5120,2106
5121,2108
5122,2110
5123,2110
5124,2107
5125,2106
5126,2106
5127,2110
5128,2105
5129,2108
5130,2105
5131,2106
5132,2106
5133,2107
5134,2108
5135,2109
5136,2106
5137,2103
5138,2111
5139,2107
5140,2106
5141,2108
5142,2114
5143,2107
5144,2107
5145,2107
5146,2111
5147,2108
5148,2108
5149,2110
5150,2111
5151,2107
5152,2107
5153,2107
5154,2109
5155,2106
5156,2110
5157,2110
5158,2107
5159,2107
5160,2104
5161,2107
5162,2108
5163,2109
5164,2108
5165,2108
5166,2109
5167,2108
5168,2108
5169,2107
5170,2108
5171,2120
5172,2108
5173,2109
5174,2110
5175,2106
5176,2107
5177,2109
5178,2109
5179,2111
5180,2100
5181,2116
5182,2113
5183,2110
5184,2106
5185,2107
5186,2106
5187,2093
5188,2107
5189,2107
5190,2107
5191,2107
5192,2110
5193,2105
5194,2106
5195,2105
5196,2108
5197,2111
5198,2109
5199,2113
5200,2119
5201,2108
5202,2109
5203,2107
5204,2106
5205,2110
5206,2107
5207,2108
5208,2108
5209,2113
5210,2108
5211,2106
5212,2107
5213,2105
5214,2113
5215,2089
5216,2110
5217,2112
5218,2108
5219,2108
5220,2104
5221,2106
5222,2104
5223,2110
5224,2105
5225,2114
5226,2108
5227,2108
5228,2109
5229,2109
5230,2109
5231,2109
5232,2108
5233,2102
5234,2067
5235,2111
5236,2114
5237,2110
5238,2106
5239,2105
5240,2108
5241,2106
5242,2106
5243,2108
5244,2109
5245,2105
5246,2108
5247,2108
5248,2107
5249,2106
5250,2105
5251,2114
5252,2105
5253,2106
5254,2107
5255,2108
5256,2108
5257,2107
5258,2109
5259,2107
5260,2103
5261,2110
5262,2105
5263,2108
5264,2106
5265,2108
5266,2110
5267,2108
5268,2052
5269,2116
5270,2110
5271,2106
5272,2108
5273,2109
5274,2100
5275,2110
5276,2113
5277,2112
5278,2105
5279,2108
5280,2109
5281,2105
5282,2107
5283,2108
5284,2109
5285,2109
5286,2113
5287,2097
5288,2110
5289,2108
5290,2110
5291,2111
5292,2106
5293,2108
5294,2107
5295,2109
5296,2108
5297,2106
5298,2108
5299,2089
5300,2109
5301,2108
5302,2107
5303,2109
5304,2107
5305,2108
5306,2111
5307,2107
5308,2107
5309,2105
5310,2109
5311,2110
5312,2100
5313,2108
5314,2107
5315,2108
5316,2108
5317,2109
5318,2110
5319,2106
5320,2108
5321,2128
5322,2110
5323,2109
5324,2108
5325,2106
5326,2108
5327,2109
5328,2110
5329,2106
5330,2104
5331,2108
5332,2108
5333,2110
5334,2107
5335,2108
5336,2109
5337,2105
5338,2119
5339,2120
5340,2127
5341,2108
5342,2110
5343,2104
5344,2108
5345,2108
5346,2109
5347,2110
5348,2107
5349,2108
5350,2107
5351,2108
5352,2108
5353,2111
5354,2108
5355,2104
5356,2108
5357,2107
5358,2109
5359,2108
5360,2109
5361,2113
5362,2105
5363,2123
5364,2107
5365,2106
5366,2102
5367,2107
5368,2105
5369,2106
5370,2106
5371,2107
5372,2108
5373,2110
5374,2092
5375,2120
5376,2113
5377,2107
5378,2104
5379,2109
5380,2107
5381,2110
5382,2111
5383,2107
5384,2107
5385,2106
5386,2105
5387,2108
5388,2108
5389,2108
5390,2110
5391,2109
5392,2107
5393,2115
5394,2108
5395,2109
5396,2110
5397,2104
5398,2106
5399,2110
5400,2107
5401,2105
5402,2107
5403,2106
5404,2108
5405,2108
5406,2108
5407,2108
5408,2110
5409,2108
5410,2099
5411,2106
5412,2106
5413,2105
5414,2108
5415,2109
5416,2108
5417,2111
5418,2097
5419,2106
5420,2108
5421,2105
5422,2110
5423,2110
5424,2110
5425,2104
5426,2109
5427,2105
5428,2105
5429,2109
5430,2106
5431,2110
5432,2111
5433,2096
5434,2106
5435,2110
5436,2109
5437,2107
5438,2108
5439,2104
5440,2104
5441,2104
5442,2110
5443,2107
5444,2108
5445,2103
5446,2112
5447,2108
5448,2109
5449,2109
5450,2106
5451,2113
5452,2110
5453,2103
5454,2111
5455,2095
5456,2106
5457,2104
5458,2108
5459,2110
5460,2105
5461,2105
5462,2116
5463,2102
5464,2106
5465,2108
5466,2110
5467,2108
5468,2104
5469,2108
5470,2106
5471,2084
5472,2110
5473,2108
5474,2108
5475,2105
5476,2108
5477,2103
5478,2110
5479,2102
5480,2105
5481,2110
5482,2108
5483,2104
5484,2103
5485,2108
5486,2108
5487,2104
5488,2107
5489,2110
5490,2103
5491,2104
5492,2105
5493,2105
5494,2108
5495,2109
5496,2107
5497,2109
5498,2111
5499,2100
5500,2108
5501,2112
5502,2108
5503,2108
5504,2100
5505,2106
5506,2108
5507,2105
5508,2110
5509,2106
5510,2104
5511,2110
5512,2110
5513,2108
5514,2110
5515,2106
5516,2113
5517,2107
5518,2126
5519,2110
5520,2109
5521,2107
5522,2112
5523,2106
5524,2123
5525,2108
5526,2101
5527,2108
5528,2112
5529,2108
5530,2107
5531,2109
5532,2109
5533,2105
5534,2065
5535,2110
5536,2107
5537,2109
5538,2109
5539,2107
5540,2104
5541,2107
5542,2114
5543,2106
5544,2113
5545,2110
5546,2108
5547,2106
5548,2107
5549,2110
5550,2103
5551,2118
5552,2108
5553,2108
5554,2105
5555,2109
5556,2108
5557,2110
5558,2109
5559,2110
5560,2106
5561,2107
5562,2107
5563,2107
5564,2108
5565,2110
5566,2105
5567,2109
5568,2096
5569,2111
5570,2100
5571,2109
5572,2113
5573,2110
5574,2107
5575,2109
5576,2111
5577,2116
5578,2107
5579,2110
5580,2108
5581,2101
5582,2119
5583,2108
5584,2108
5585,2108
5586,2114
5587,2112
5588,2111
5589,2108
5590,2108
5591,2111
5592,2111
5593,2108
5594,2107
5595,2112
5596,2109
5597,2105
5598,2110
5599,2104
5600,2107
5601,2107
5602,2108
5603,2109
5604,2102
5605,2110
5606,2110
5607,2106
5608,2110
5609,2110
5610,2106
5611,2116
5612,2108
5613,2105
5614,2108
5615,2110
5616,2107
5617,2105
5618,2109
5619,2109
5620,2108
5621,2084
5622,2107
5623,2105
5624,2106
5625,2111
5626,2103
5627,2106
5628,2108
5629,2106
5630,2097
5631,2107
5632,2111
5633,2105
5634,2109
5635,2109
5636,2110
5637,2104
5638,2111
5639,2116
5640,2142
5641,2103
5642,2108
5643,2106
5644,2108
5645,2111
5646,2105
5647,2113
5648,2109
5649,2109
5650,2109
5651,2109
5652,2111
5653,2105
5654,2106
5655,2110
5656,2107
5657,2105
5658,2107
5659,2109
5660,2106
5661,2110
5662,2110
5663,2107
5664,2103
5665,2111
5666,2109
5667,2104
5668,2106
5669,2110
5670,2108
5671,2106
5672,2103
5673,2107
5674,2088
5675,2110
5676,2108
5677,2106
5678,2109
5679,2108
5680,2107
5681,2108
5682,2107
5683,2103
5684,2111
5685,2110
5686,2107
5687,2106
5688,2110
5689,2110
5690,2104
5691,2108
5692,2112
5693,2111
5694,2110
5695,2108
5696,2110
5697,2102
5698,2101
5699,2108
5700,2110
5701,2108
5702,2108
5703,2106
5704,2107
5705,2108
5706,2109
5707,2093
5708,2111
5709,2111
5710,2110
5711,2107
5712,2109
5713,2110
5714,2105
5715,2111
5716,2105
5717,2109
5718,2039
5719,2107
5720,2106
5721,2105
5722,2109
5723,2108
5724,2104
5725,2105
5726,2104
5727,2097
5728,2102
5729,2111
5730,2106
5731,2105
5732,2108
5733,2111
5734,2106
5735,2107
5736,2109
5737,2110
5738,2108
5739,2105
5740,2105
5741,2109
5742,2115
5743,2107
5744,2112
5745,2103
5746,2113
5747,2112
5748,2109
5749,2108
5750,2107
5751,2109
5752,2108
5753,2109
5754,2114
5755,2110
5756,2107
5757,2111
5758,2109
5759,2110
5760,2111
5761,2109
5762,2112
5763,2114
5764,2111
5765,2108
5766,2108
5767,2110
5768,2108
5769,2104
5770,2106
5771,2103
5772,2108
5773,2109
5774,2106
5775,2108
5776,2107
5777,2110
5778,2109
5779,2090
5780,2116
5781,2108
5782,2110
5783,2109
5784,2108
5785,2108
5786,2110
5787,2106
5788,2108
5789,2114
5790,2108
5791,2109
5792,2118
5793,2109
5794,2109
5795,2111
5796,2109
5797,2109
5798,2104
5799,2113
5800,2108
5801,2110
5802,2106
5803,2104
5804,2105
5805,2104
5806,2106
5807,2108
5808,2108
5809,2103
5810,2108
5811,2104
5812,2109
5813,2105
5814,2109
5815,2116
5816,2112
5817,2108
5818,2118
5819,2108
5820,2109
5821,2109
5822,2105
5823,2107
5824,2118
5825,2104
5826,2105
5827,2107
5828,2108
5829,2110
5830,2108
5831,2105
5832,2108
5833,2110
5834,2071
5835,2111
5836,2109
5837,2112
5838,2108
5839,2106
5840,2107
5841,2110
5842,2105
5843,2106
5844,2108
5845,2110
5846,2107
5847,2105
5848,2108
5849,2111
5850,2105
5851,2108
5852,2104
5853,2112
5854,2108
5855,2108
5856,2108
5857,2108
5858,2109
5859,2110
5860,2107
5861,2109
5862,2108
5863,2110
5864,2108
5865,2108
5866,2106
5867,2114
5868,2176
5869,2111
5870,2117
5871,2109
5872,2109
5873,2110
5874,2107
5875,2110
5876,2110
5877,2115
5878,2108
5879,2110
5880,2107
5881,2103
5882,2104
5883,2111
5884,2111
5885,2110
5886,2103
5887,2108
5888,2108
5889,2110
5890,2108
5891,2121
5892,2105
5893,2102
5894,2110
5895,2104
5896,2104
5897,2108
5898,2109
5899,2109
5900,2110
5901,2110
5902,2105
5903,2110
5904,2104
5905,2111
5906,2108
5907,2106
5908,2108
5909,2108
5910,2107
5911,2108
5912,2106
5913,2108
5914,2108
5915,2110
5916,2114
5917,2111
5918,2104
5919,2108
5920,2110
5921,2123
5922,2108
5923,2107
5924,2108
5925,2110
5926,2105
5927,2108
5928,2110
5929,2105
5930,2100
5931,2108
5932,2108
5933,2108
5934,2110
5935,2112
5936,2108
5937,2104
5938,2112
5939,2121
5940,2145
5941,2111
5942,2104
5943,2104
5944,2104
5945,2108
5946,2109
5947,2108
5948,2110
5949,2106
5950,2106
5951,2111
5952,2109
5953,2107
5954,2110
5955,2106
5956,2112
5957,2112
5958,2104
5959,2108
5960,2111
5961,2117
5962,2111
5963,2110
5964,2106
5965,2107
5966,2111
5967,2107
5968,2105
5969,2110
5970,2111
5971,2110
5972,2104
5973,2107
5974,2084
5975,2118
5976,2111
5977,2109
5978,2106
5979,2106
5980,2108
5981,2108
5982,2107
5983,2106
5984,2107
5985,2108
5986,2105
5987,2110
5988,2110
5989,2111
5990,2101
5991,2107
5992,2108
5993,2103
5994,2109
5995,2109
5996,2112
5997,2107
5998,2110
5999,2106

