
0,2109
1,2099
2,2100
3,2098
4,2099
5,2107
6,2100
7,2101
8,2103
9,2108
10,2101
11,2100
12,2102
13,2104
14,2104
15,2102
16,2104
17,2104
18,2102
19,2102
20,2101
21,2110
22,2107
23,2100
24,2112
25,2103
26,2102
27,2101
28,2106
29,2106
30,2106
31,2105
32,2107
33,2108
34,2105
35,2105
36,2107
37,2104
38,2105
39,2102
40,2102
41,2110
42,2108
43,2105
44,2093
45,2109
46,2108
47,2107
48,2108
49,2112
50,2109
51,2105
52,2107
53,2111
54,2104
55,2107
56,2107
57,2109
58,2124
59,2102
60,2110
61,2109
62,2108
63,2107
64,2112
65,2113
66,2107
67,2109
68,2108
69,2108
70,2111
71,2106
72,2108
73,2105
74,2103
75,2104
76,2116
77,2120
78,2106
79,2108
80,2113
81,2108
82,2110
83,2108
84,2110
85,2109
86,2107
87,2107
88,2110
89,2120
90,2106
91,2093
92,2101
93,2104
94,2118
95,2116
96,2107
97,2109
98,2109
99,2109
100,2110
101,2108
102,2109
103,2111
104,2109
105,2112
106,2108
107,2105
108,2105
109,2106
110,2106
111,2100
112,2110
113,2108
114,2107
115,2108
116,2110
117,2106
118,2110
119,2107
120,2108
121,2109
122,2108
123,2106
124,2106
125,2107
126,2107
127,2102
128,2109
129,2109
130,2106
131,2108
132,2105
133,2100
134,2104
135,2107
136,2115
137,2109
138,2107
139,2109
140,2108
141,2099
142,2123
143,2107
144,2107
145,2105
146,2107
147,2104
148,2117
149,2128
150,2095
151,2110
152,2110
153,2106
154,2108
155,2108
156,2101
157,2108
158,2110
159,2103
160,2107
161,2092
162,2104
163,2107
164,2085
165,2108
166,2107
167,2107
168,2106
169,2109
170,2110
171,2114
172,2108
173,2107
174,2106
175,2107
176,2109
177,2107
178,2108
179,2108
180,2102
181,2114
182,2105
183,2135
184,2110
185,2111
186,2108
187,2109
188,2109
189,2109
190,2111
191,2110
192,2106
193,2108
194,2112
195,2111
196,2120
197,2108
198,2106
199,2108
200,2110
201,2105
202,2107
203,2100
204,2109
205,2110
206,2108
207,2108
208,2100
209,2108
210,2108
211,2108
212,2108
213,2108
214,2108
215,2101
216,2110
217,2117
218,2101
219,2110
220,2112
221,2108
222,2108
223,2100
224,2109
225,2109
226,2111
227,2108
228,2109
229,2109
230,2125
231,2114
232,2115
233,2108
234,2109
235,2105
236,2113
237,2106
238,2110
239,2107
240,2108
241,2110
242,2109
243,2110
244,2109
245,2107
246,2110
247,2108
248,2108
249,2108
250,2108
251,2109
252,2106
253,2101
254,2111
255,2109
256,2112
257,2109
258,2108
259,2103
260,2109
261,2109
262,2110
263,2108
264,2108
265,2106
266,2106
267,2110
268,2110
269,2102
270,2104
271,2104
272,2107
273,2108
274,2109
275,2108
276,2110
277,2109
278,2109
279,2109
280,2110
281,2104
282,2109
283,2109
284,2108
285,2106
286,2109
287,2106
288,2106
289,2090
290,2116
291,2104
292,2107
293,2107
294,2110
295,2110
296,2107
297,2109
298,2109
299,2162
300,2103
301,2108
302,2106
303,2107
304,2109
305,2112
306,2107
307,2111
308,2109
309,2107
310,2112
311,2112
312,2110
313,2109
314,2108
315,2109
316,2110
317,2108
318,2093
319,2109
320,2108
321,2105
322,2103
323,2104
324,2106
325,2106
326,2109
327,2106
328,2107
329,2111
330,2110
331,2109
332,2110
333,2108
334,2108
335,2104
336,2103
337,2106
338,2108
339,2106
340,2101
341,2106
342,2107
343,2104
344,2095
345,2109
346,2110
347,2110
348,2107
349,2108
350,2112
351,2108
352,2106
353,2108
354,2108
355,2115
356,2106
357,2116
358,2134
359,2108
360,2109
361,2111
362,2112
363,2109
364,2110
365,2108
366,2108
367,2111
368,2109
369,2106
370,2105
371,2108
372,2108
373,2109
374,2101
375,2106
376,2110
377,2123
378,2108
379,2109
380,2111
381,2108
382,2108
383,2112
384,2108
385,2110
386,2105
387,2108
388,2108
389,2105
390,2098
391,2109
392,2104
393,2105
394,2114
395,2102
396,2108
397,2107
398,2108
399,2109
400,2108
401,2108
402,2108
403,2110
404,2117
405,2108
406,2107
407,2104
408,2108
409,2107
410,2112
411,2117
412,2109
413,2108
414,2107
415,2110
416,2110
417,2110
418,2107
419,2106
420,2108
421,2108
422,2110
423,2106
424,2110
425,2107
426,2106
427,2102
428,2109
429,2108
430,2103
431,2105
432,2107
433,2109
434,2110
435,2110
436,2110
437,2106
438,2108
439,2103
440,2110
441,2151
442,2106
443,2106
444,2105
445,2105
446,2107
447,2107
448,2103
449,2107
450,2095
451,2110
452,2109
453,2113
454,2109
455,2108
456,2109
457,2109
458,2109
459,2109
460,2108
461,2107
462,2110
463,2114
464,2133
465,2108
466,2107
467,2108
468,2107
469,2109
470,2111
471,2110
472,2110
473,2105
474,2110
475,2105
476,2106
477,2106
478,2107
479,2107
480,2102
481,2108
482,2105
483,2124
484,2108
485,2108
486,2108
487,2108
488,2112
489,2108
490,2109
491,2104
492,2107
493,2108
494,2107
495,2110
496,2101
497,2107
498,2111
499,2104
500,2111
501,2101
502,2108
503,2105
504,2108
505,2109
506,2114
507,2112
508,2127
509,2100
510,2107
511,2108
512,2104
513,2106
514,2107
515,2104
516,2108
517,2112
518,2097
519,2109
520,2106
521,2106
522,2110
523,2109
524,2109
525,2109
526,2106
527,2109
528,2108
529,2108
530,2109
531,2104
532,2110
533,2107
534,2110
535,2108
536,2126
537,2108
538,2108
539,2110
540,2107
541,2110
542,2108
543,2108
544,2108
545,2105
546,2111
547,2112
548,2106
549,2107
550,2106
551,2104
552,2105
553,2098
554,2102
555,2108
556,2107
557,2108
558,2103
559,2108
560,2109
561,2109
562,2108
563,2110
564,2104
565,2105
566,2108
567,2109
568,2110
569,2106
570,2118
571,2105
572,2107
573,2107
574,2110
575,2110
576,2109
577,2111
578,2114
579,2113
580,2107
581,2108
582,2107
583,2105
584,2108
585,2109
586,2107
587,2110
588,2114
589,2114
590,2109
591,2076
592,2111
593,2105
594,2108
595,2110
596,2108
597,2100
598,2108
599,2108
600,2112
601,2107
602,2106
603,2105
604,2108
605,2106
606,2107
607,2111
608,2111
609,2106
610,2113
611,2108
612,2110
613,2110
614,2106
615,2108
616,2108
617,2106
618,2111
619,2105
620,2105
621,2106
622,2108
623,2106
624,2108
625,2106
626,2108
627,2109
628,2110
629,2108
630,2108
631,2110
632,2108
633,2106
634,2106
635,2108
636,2108
637,2108
638,2109
639,2108
640,2107
641,2107
642,2106
643,2107
644,2110
645,2108
646,2109
647,2109
648,2108
649,2108
650,2108
651,2105
652,2108
653,2103
654,2116
655,2106
656,2108
657,2105
658,2107
659,2105
660,2102
661,2108
662,2112
663,2109
664,2110
665,2109
666,2111
667,2108
668,2108
669,2104
670,2115
671,2108
672,2108
673,2109
674,2111
675,2118
676,2110
677,2086
678,2108
679,2107
680,2106
681,2108
682,2108
683,2109
684,2108
685,2110
686,2105
687,2105
688,2107
689,2105
690,2108
691,2106
692,2110
693,2111
694,2104
695,2105
696,2107
697,2089
698,2109
699,2110
700,2109
701,2106
702,2108
703,2106
704,2108
705,2105
706,2111
707,2108
708,2105
709,2112
710,2112
711,2112
712,2106
713,2109
714,2106
715,2112
716,2117
717,2118
718,2109
719,2109
720,2111
721,2110
722,2110
723,2107
724,2105
725,2106
726,2110
727,2100
728,2113
729,2105
730,2110
731,2106
732,2108
733,2106
734,2108
735,2110
736,2111
737,2108
738,2084
739,2109
740,2110
741,2054
742,2106
743,2108
744,2107
745,2105
746,2106
747,2120
748,2114
749,2109
750,2107
751,2112
752,2109
753,2110
754,2110
755,2108
756,2108
757,2109
758,2110
759,2115
760,2109
761,2106
762,2107
763,2108
764,2088
765,2109
766,2108
767,2107
768,2107
769,2110
770,2112
771,2109
772,2110
773,2112
774,2103
775,2108
776,2108
777,2105
778,2106
779,2109
780,2108
781,2107
782,2105
783,2055
784,2102
785,2107
786,2112
787,2112
788,2114
789,2109
790,2109
791,2109
792,2108
793,2107
794,2116
795,2117
796,2111
797,2100
798,2109
799,2107
800,2111
801,2102
802,2109
803,2115
804,2110
805,2109
806,2108
807,2111
808,2108
809,2117
810,2110
811,2105
812,2098
813,2108
814,2110
815,2105
816,2107
817,2110
818,2101
819,2108
820,2097
821,2105
822,2114
823,2107
824,2111
825,2112
826,2108
827,2106
828,2108
829,2108
830,2105
831,2106
832,2108
833,2107
834,2095
835,2099
836,2113
837,2106
838,2107
839,2109
840,2110
841,2108
842,2108
843,2108
844,2110
845,2111
846,2107
847,2126
848,2109
849,2105
850,2109
851,2106
852,2108
853,2102
854,2112
855,2102
856,2102
857,2108
858,2109
859,2103
860,2108
861,2105
862,2108
863,2110
864,2104
865,2106
866,2116
867,2107
868,2102
869,2105
870,2110
871,2107
872,2107
873,2107
874,2109
875,2108
876,2108
877,2110
878,2109
879,2110
880,2108
881,2107
882,2107
883,2108
884,2109
885,2110
886,2106
887,2108
888,2103
889,2104
890,2107
891,2070
892,2108
893,2105
894,2108
895,2100
896,2108
897,2114
898,2108
899,2104
900,2094
901,2104
902,2108
903,2106
904,2109
905,2106
906,2105
907,2107
908,2110
909,2110
910,2109
911,2108
912,2108
913,2110
914,2110
915,2108
916,2108
917,2108
918,2113
919,2106
920,2111
921,2108
922,2108
923,2102
924,2108
925,2119
926,2111
927,2111
928,2111
929,2106
930,2107
931,2110
932,2110
933,2108
934,2111
935,2104
936,2106
937,2109
938,2109
939,2106
940,2104
941,2109
942,2100
943,2110
944,2097
945,2112
946,2110
947,2106
948,2109
949,2109
950,2110
951,2105
952,2108
953,2097
954,2108
955,2108
956,2108
957,2105
958,2128
959,2112
960,2111
961,2108
962,2112
963,2108
964,2110
965,2108
966,2108
967,2106
968,2110
969,2109
970,2106
971,2108
972,2108
973,2100
974,2101
975,2115
976,2110
977,2156
978,2105
979,2107
980,2111
981,2109
982,2118
983,2109
984,2113
985,2107
986,2108
987,2108
988,2107
989,2103
990,2107
991,2107
992,2104
993,2105
994,2081
995,2108
996,2106
997,2094
998,2109
999,2108
1000,2110
1001,2109
1002,2109
1003,2112
1004,2109
1005,2104
1006,2114
1007,2107
1008,2108
1009,2112
1010,2113
1011,2106
1012,2108
1013,2108
1014,2109
1015,2116
1016,2108
1017,2108
1018,2109
1019,2110
1020,2107
1021,2110
1022,2103
1023,2107
1024,2109
1025,2104
1026,2107
1027,2106
1028,2108
1029,2107
1030,2088
1031,2105
1032,2108
1033,2090
1034,2111
1035,2111
1036,2110
1037,2107
1038,2106
1039,2110
1040,2108
1041,2036
1042,2105
1043,2101
1044,2106
1045,2109
1046,2105
1047,2117
1048,2102
1049,2108
1050,2119
1051,2108
1052,2108
1053,2109
1054,2111
1055,2110
1056,2105
1057,2106
1058,2108
1059,2110
1060,2107
1061,2104
1062,2107
1063,2108
1064,2076
1065,2112
1066,2107
1067,2107
1068,2105
1069,2110
1070,2110
1071,2116
1072,2105
1073,2104
1074,2108
1075,2109
1076,2107
1077,2105
1078,2107
1079,2108
1080,2108
1081,2112
1082,2098
1083,2070
1084,2112
1085,2108
1086,2111
1087,2108
1088,2111
1089,2108
1090,2109
1091,2108
1092,2106
1093,2110
1094,2114
1095,2104
1096,2105
1097,2106
1098,2108
1099,2106
1100,2112
1101,2104
1102,2108
1103,2119
1104,2107
1105,2104
1106,2107
1107,2109
1108,2109
1109,2114
1110,2110
1111,2105
1112,2103
1113,2106
1114,2108
1115,2108
1116,2106
1117,2105
1118,2107
1119,2107
1120,2109
1121,2106
1122,2112
1123,2107
1124,2112
1125,2108
1126,2108
1127,2108
1128,2108
1129,2107
1130,2108
1131,2107
1132,2107
1133,2105
1134,2100
1135,2108
1136,2132
1137,2108
1138,2113
1139,2111
1140,2108
1141,2107
1142,2110
1143,2110
1144,2108
1145,2108
1146,2105
1147,2112
1148,2112
1149,2110
1150,2111
1151,2105
1152,2107
1153,2104
1154,2105
1155,2105
1156,2107
1157,2117
1158,2109
1159,2111
1160,2110
1161,2106
1162,2106
1163,2106
1164,2108
1165,2106
1166,2111
1167,2102
1168,2104
1169,2107
1170,2107
1171,2102
1172,2108
1173,2106
1174,2109
1175,2106
1176,2100
1177,2110
1178,2108
1179,2107
1180,2109
1181,2105
1182,2103
1183,2106
1184,2108
1185,2105
1186,2107
1187,2106
1188,2103
1189,2101
1190,2103
1191,2178
1192,2108
1193,2114
1194,2108
1195,2108
1196,2107
1197,2108
1198,2108
1199,2105
1200,2095
1201,2108
1202,2106
1203,2110
1204,2106
1205,2108
1206,2104
1207,2105
1208,2107
1209,2102
1210,2105
1211,2108
1212,2109
1213,2110
1214,2109
1215,2105
1216,2100
1217,2108
1218,2108
1219,2108
1220,2105
1221,2108
1222,2106
1223,2103
1224,2108
1225,2110
1226,2108
1227,2107
1228,2108
1229,2110
1230,2107
1231,2113
1232,2109
1233,2107
1234,2108
1235,2105
1236,2109
1237,2108
1238,2107
1239,2111
1240,2097
1241,2111
1242,2114
1243,2104
1244,2096
1245,2108
1246,2109
1247,2107
1248,2109
1249,2110
1250,2109
1251,2105
1252,2106
1253,2098
1254,2103
1255,2104
1256,2108
1257,2108
1258,2122
1259,2112
1260,2107
1261,2106
1262,2112
1263,2108
1264,2110
1265,2105
1266,2110
1267,2107
1268,2107
1269,2104
1270,2110
1271,2105
1272,2108
1273,2112
1274,2108
1275,2107
1276,2109
1277,2150
1278,2106
1279,2111
1280,2110
1281,2105
1282,2102
1283,2110
1284,2106
1285,2109
1286,2110
1287,2106
1288,2105
1289,2105
1290,2106
1291,2107
1292,2106
1293,2109
1294,2098
1295,2108
1296,2108
1297,2098
1298,2112
1299,2108
1300,2110
1301,2110
1302,2108
1303,2111
1304,2110
1305,2108
1306,2113
1307,2105
1308,2106
1309,2109
1310,2120
1311,2105
1312,2108
1313,2109
1314,2108
1315,2110
1316,2111
1317,2110
1318,2109
1319,2108
1320,2104
1321,2109
1322,2108
1323,2108
1324,2110
1325,2100
1326,2104
1327,2104
1328,2108
1329,2109
1330,2111
1331,2102
1332,2106
1333,2108
1334,2110
1335,2108
1336,2110
1337,2108
1338,2107
1339,2110
1340,2106
1341,2139
1342,2106
1343,2098
1344,2105
1345,2106
1346,2105
1347,2112
1348,2110
1349,2101
1350,2118
1351,2108
1352,2109
1353,2110
1354,2105
1355,2108
1356,2112
1357,2109
1358,2108
1359,2108
1360,2108
1361,2105
1362,2102
1363,2105
1364,2105
1365,2108
1366,2104
1367,2105
1368,2108
1369,2103
1370,2109
1371,2109
1372,2109
1373,2108
1374,2106
1375,2109
1376,2107
1377,2108
1378,2109
1379,2107
1380,2102
1381,2111
1382,2102
1383,2100
1384,2108
1385,2107
1386,2109
1387,2106
1388,2109
1389,2108
1390,2109
1391,2109
1392,2104
1393,2106
1394,2111
1395,2109
1396,2108
1397,2105
1398,2108
1399,2107
1400,2109
1401,2102
1402,2109
1403,2116
1404,2104
1405,2106
1406,2116
1407,2110
1408,2111
1409,2105
1410,2107
1411,2106
1412,2093
1413,2110
1414,2106
1415,2102
1416,2104
1417,2099
1418,2109
1419,2110
1420,2109
1421,2108
1422,2108
1423,2108
1424,2111
1425,2108
1426,2111
1427,2110
1428,2108
1429,2106
1430,2107
1431,2104
1432,2105
1433,2092
1434,2109
1435,2103
1436,2104
1437,2110
1438,2108
1439,2112
1440,2109
1441,2109
1442,2110
1443,2109
1444,2104
1445,2107
1446,2097
1447,2114
1448,2108
1449,2107
1450,2107
1451,2103
1452,2108
1453,2103
1454,2109
1455,2104
1456,2101
1457,2108
1458,2110
1459,2108
1460,2111
1461,2107
1462,2110
1463,2108
1464,2107
1465,2105
1466,2104
1467,2106
1468,2108
1469,2108
1470,2109
1471,2105
1472,2110
1473,2110
1474,2108
1475,2108
1476,2112
1477,2108
1478,2106
1479,2106
1480,2110
1481,2090
1482,2104
1483,2107
1484,2108
1485,2107
1486,2105
1487,2105
1488,2101
1489,2112
1490,2111
1491,2132
1492,2108
1493,2109
1494,2109
1495,2111
1496,2111
1497,2110
1498,2108
1499,2105
1500,2098
1501,2107
1502,2106
1503,2109
1504,2098
1505,2104
1506,2112
1507,2109
1508,2109
1509,2096
1510,2109
1511,2104
1512,2110
1513,2110
1514,2111
1515,2105
1516,2106
1517,2108
1518,2107
1519,2105
1520,2108
1521,2111
1522,2108
1523,2108
1524,2076
1525,2107
1526,2106
1527,2106
1528,2108
1529,2110
1530,2108
1531,2109
1532,2110
1533,2106
1534,2108
1535,2104
1536,2110
1537,2108
1538,2105
1539,2107
1540,2111
1541,2100
1542,2101
1543,2108
1544,2105
1545,2107
1546,2110
1547,2109
1548,2110
1549,2110
1550,2106
1551,2096
1552,2109
1553,2098
1554,2108
1555,2109
1556,2105
1557,2104
1558,2108
1559,2099
1560,2112
1561,2105
1562,2105
1563,2111
1564,2107
1565,2112
1566,2108
1567,2110
1568,2108
1569,2109
1570,2109
1571,2105
1572,2104
1573,2103
1574,2105
1575,2104
1576,2108
1577,2152
1578,2104
1579,2106
1580,2111
1581,2110
1582,2107
1583,2106
1584,2110
1585,2106
1586,2117
1587,2110
1588,2108
1589,2106
1590,2106
1591,2106
1592,2103
1593,2104
1594,2118
1595,2115
1596,2110
1597,2102
1598,2108
1599,2105
1600,2108
1601,2107
1602,2106
1603,2109
1604,2110
1605,2105
1606,2108
1607,2101
1608,2107
1609,2107
1610,2110
1611,2103
1612,2107
1613,2116
1614,2108
1615,2110
1616,2109
1617,2110
1618,2111
1619,2108
1620,2119
1621,2107
1622,2105
1623,2111
1624,2108
1625,2105
1626,2096
1627,2110
1628,2106
1629,2103
1630,2105
1631,2105
1632,2107
1633,2108
1634,2110
1635,2111
1636,2108
1637,2117
1638,2111
1639,2105
1640,2109
1641,2112
1642,2106
1643,2104
1644,2108
1645,2108
1646,2108
1647,2108
1648,2103
1649,2110
1650,2116
1651,2107
1652,2112
1653,2109
1654,2108
1655,2108
1656,2109
1657,2108
1658,2107
1659,2107
1660,2111
1661,2107
1662,2110
1663,2105
1664,2115
1665,2107
1666,2104
1667,2107
1668,2104
1669,2109
1670,2108
1671,2109
1672,2110
1673,2107
1674,2112
1675,2110
1676,2102
1677,2109
1678,2106
1679,2106
1680,2106
1681,2104
1682,2098
1683,2069
1684,2107
1685,2101
1686,2108
1687,2109
1688,2109
1689,1961
1690,2114
1691,2110
1692,2106
1693,2103
1694,2108
1695,2104
1696,2105
1697,2107
1698,2110
1699,2106
1700,2110
1701,2104
1702,2108
1703,2110
1704,2108
1705,2105
1706,2109
1707,2108
1708,2113
1709,2104
1710,2108
1711,2106
1712,2112
1713,2107
1714,2108
1715,2109
1716,2105
1717,2108
1718,2098
1719,2104
1720,2110
1721,2108
1722,2107
1723,2108
1724,2108
1725,2108
1726,2109
1727,2111
1728,2108
1729,2104
1730,2107
1731,2107
1732,2105
1733,2108
1734,2112
1735,2111
1736,2108
1737,2108
1738,2106
1739,2110
1740,2108
1741,2109
1742,2108
1743,2110
1744,2111
1745,2106
1746,2108
1747,2114
1748,2105
1749,2103
1750,2105
1751,2106
1752,2110
1753,2101
1754,2105
1755,2106
1756,2102
1757,2108
1758,2110
1759,2139
1760,2106
1761,2110
1762,2108
1763,2108
1764,2108
1765,2111
1766,2111
1767,2105
1768,2105
1769,2112
1770,2111
1771,2106
1772,2106
1773,2108
1774,2109
1775,2110
1776,2107
1777,2108
1778,2110
1779,2109
1780,2108
1781,2105
1782,2108
1783,2106
1784,2108
1785,2106
1786,2104
1787,2105
1788,2109
1789,2105
1790,2110
1791,2070
1792,2108
1793,2108
1794,2111
1795,2110
1796,2107
1797,2107
1798,2106
1799,2106
1800,2108
1801,2106
1802,2106
1803,2106
1804,2108
1805,2109
1806,2110
1807,2111
1808,2100
1809,2106
1810,2108
1811,2110
1812,2109
1813,2105
1814,2110
1815,2111
1816,2108
1817,2108
1818,2108
1819,2109
1820,2114
1821,2108
1822,2108
1823,2107
1824,2079
1825,2107
1826,2112
1827,2108
1828,2108
1829,2096
1830,2106
1831,2110
1832,2111
1833,2110
1834,2104
1835,2105
1836,2104
1837,2107
1838,2104
1839,2105
1840,2108
1841,2110
1842,2102
1843,2106
1844,2105
1845,2106
1846,2105
1847,2108
1848,2107
1849,2108
1850,2108
1851,2105
1852,2108
1853,2102
1854,2104
1855,2107
1856,2104
1857,2104
1858,2095
1859,2100
1860,2108
1861,2099
1862,2109
1863,2110
1864,2111
1865,2107
1866,2107
1867,2110
1868,2108
1869,2107
1870,2107
1871,2105
1872,2108
1873,2106
1874,2106
1875,2102
1876,2108
1877,2120
1878,2108
1879,2107
1880,2110
1881,2108
1882,2108
1883,2108
1884,2110
1885,2108
1886,2112
1887,2105
1888,2108
1889,2105
1890,2111
1891,2106
1892,2094
1893,2110
1894,2110
1895,2098
1896,2106
1897,2104
1898,2136
1899,2103
1900,2108
1901,2110
1902,2109
1903,2108
1904,2106
1905,2108
1906,2110
1907,2103
1908,2106
1909,2108
1910,2111
1911,2117
1912,2108
1913,2113
1914,2112
1915,2114
1916,2107
1917,2109
1918,2108
1919,2108
1920,2108
1921,2108
1922,2109
1923,2107
1924,2110
1925,2110
1926,2106
1927,2111
1928,2111
1929,2100
1930,2103
1931,2108
1932,2107
1933,2108
1934,2110
1935,2108
1936,2109
1937,2108
1938,2107
1939,2107
1940,2110
1941,2109
1942,2100
1943,2108
1944,2108
1945,2107
1946,2108
1947,2106
1948,2101
1949,2113
1950,2111
1951,2109
1952,2108
1953,2108
1954,2109
1955,2108
1956,2111
1957,2112
1958,2107
1959,2104
1960,2106
1961,2107
1962,2106
1963,2106
1964,2086
1965,2106
1966,2108
1967,2078
1968,2096
1969,2109
1970,2116
1971,2112
1972,2109
1973,2108
1974,2109
1975,2113
1976,2104
1977,2108
1978,2109
1979,2107
1980,2103
1981,2112
1982,2108
1983,2136
1984,2107
1985,2105
1986,2103
1987,2110
1988,2112
1989,2108
1990,2108
1991,2108
1992,2109
1993,2107
1994,2095
1995,2112
1996,2107
1997,2107
1998,2108
1999,2108
2000,2103
2001,2107
2002,2107
2003,2111
2004,2110
2005,2111
2006,2108
2007,2108
2008,2108
2009,2111
2010,2106
2011,2107
2012,2106
2013,2106
2014,2106
2015,2110
2016,2108
2017,2109
2018,2114
2019,2111
2020,2106
2021,2111
2022,2108
2023,2108
2024,2112
2025,2107
2026,2112
2027,2107
2028,2094
2029,2106
2030,2106
2031,2106
2032,2130
2033,2110
2034,2105
2035,2105
2036,2105
2037,2103
2038,2113
2039,2106
2040,2111
2041,2108
2042,2108
2043,2111
2044,2098
2045,2106
2046,2103
2047,2107
2048,2106
2049,2107
2050,2108
2051,2105
2052,2105
2053,2105
2054,2111
2055,2106
2056,2106
2057,2107
2058,2107
2059,2104
2060,2109
2061,2109
2062,2111
2063,2108
2064,2107
2065,2109
2066,2105
2067,2109
2068,2109
2069,2104
2070,2099
2071,2114
2072,2109
2073,2108
2074,2110
2075,2111
2076,2108
2077,2114
2078,2107
2079,2109
2080,2110
2081,2108
2082,2112
2083,2104
2084,2104
2085,2105
2086,2107
2087,2104
2088,2100
2089,2105
2090,2108
2091,2123
2092,2108
2093,2110
2094,2108
2095,2110
2096,2109
2097,2112
2098,2107
2099,2107
2100,2105
2101,2107
2102,2109
2103,2104
2104,2110
2105,2103
2106,2069
2107,2105
2108,2110
2109,2107
2110,2108
2111,2112
2112,2108
2113,2107
2114,2108
2115,2108
2116,2109
2117,2110
2118,2104
2119,2106
2120,2108
2121,2111
2122,2109
2123,2104
2124,2109
2125,2110
2126,2105
2127,2104
2128,2110
2129,2110
2130,2106
2131,2110
2132,2106
2133,2109
2134,2108
2135,2108
2136,2104
2137,2106
2138,2107
2139,2106
2140,2107
2141,2106
2142,2102
2143,2110
2144,2110
2145,2109
2146,2105
2147,2108
2148,2108
2149,2110
2150,2108
2151,2108
2152,2108
2153,2111
2154,2111
2155,2102
2156,2105
2157,2110
2158,2131
2159,2107
2160,2106
2161,2108
2162,2105
2163,2110
2164,2109
2165,2107
2166,2107
2167,2108
2168,2110
2169,2108
2170,2106
2171,2103
2172,2106
2173,2107
2174,2108
2175,2153
2176,2109
2177,2160
2178,2108
2179,2107
2180,2109
2181,2108
2182,2110
2183,2110
2184,2108
2185,2108
2186,2105
2187,2110
2188,2098
2189,2103
2190,2103
2191,2106
2192,2109
2193,2108
2194,2108
2195,2099
2196,2105
2197,2115
2198,2109
2199,2109
2200,2110
2201,2108
2202,2107
2203,2102
2204,2110
2205,2105
2206,2104
2207,2105
2208,2104
2209,2104
2210,2118
2211,2111
2212,2106
2213,2107
2214,2108
2215,2108
2216,2099
2217,2109
2218,2108
2219,2105
2220,2110
2221,2108
2222,2108
2223,2106
2224,2109
2225,2104
2226,2107
2227,2108
2228,2106
2229,2110
2230,2119
2231,2103
2232,2106
2233,2106
2234,2105
2235,2110
2236,2106
2237,2108
2238,2107
2239,2109
2240,2111
2241,2096
2242,2109
2243,2108
2244,2105
2245,2108
2246,2104
2247,2111
2248,2116
2249,2110
2250,2102
2251,2111
2252,2110
2253,2107
2254,2109
2255,2110
2256,2105
2257,2105
2258,2108
2259,2104
2260,2104
2261,2106
2262,2102
2263,2104
2264,2084
2265,2106
2266,2103
2267,2109
2268,2112
2269,2111
2270,2109
2271,2108
2272,2108
2273,2108
2274,2110
2275,2109
2276,2110
2277,2108
2278,2107
2279,2104
2280,2108
2281,2103
2282,2125
2283,2148
2284,2108
2285,2111
2286,2107
2287,2108
2288,2110
2289,2109
2290,2112
2291,2109
2292,2110
2293,2105
2294,2088
2295,2124
2296,2106
2297,2103
2298,2104
2299,2110
2300,2110
2301,2112
2302,2106
2303,2102
2304,2109
2305,2107
2306,2109
2307,2110
2308,2119
2309,2108
2310,2108
2311,2108
2312,2112
2313,2107
2314,2087
2315,2116
2316,2109
2317,2104
2318,2113
2319,2107
2320,2108
2321,2109
2322,2111
2323,2108
2324,2107
2325,2108
2326,2110
2327,2107
2328,2113
2329,2109
2330,2108
2331,2107
2332,2106
2333,2106
2334,2111
2335,2104
2336,2108
2337,2105
2338,2111
2339,2104
2340,2110
2341,2108
2342,2111
2343,2105
2344,2110
2345,2111
2346,2103
2347,2088
2348,2106
2349,2108
2350,2105
2351,2103
2352,2106
2353,2095
2354,2103
2355,2105
2356,2112
2357,2105
2358,2107
2359,2103
2360,2111
2361,2111
2362,2105
2363,2106
2364,2104
2365,2109
2366,2110
2367,2108
2368,2104
2369,2105
2370,2108
2371,2105
2372,2108
2373,2106
2374,2103
2375,2110
2376,2106
2377,2107
2378,2109
2379,2106
2380,2108
2381,2106
2382,2107
2383,2098
2384,2103
2385,2111
2386,2107
2387,2100
2388,2113
2389,2106
2390,2107
2391,2127
2392,2105
2393,2106
2394,2108
2395,2110
2396,2109
2397,2114
2398,2106
2399,2105
2400,2110
2401,2105
2402,2109
2403,2106
2404,2108
2405,2104
2406,2108
2407,2104
2408,2106
2409,2114
2410,2109
2411,2101
2412,2107
2413,2109
2414,2108
2415,2109
2416,2109
2417,2109
2418,2105
2419,2107
2420,2108
2421,2111
2422,2106
2423,2106
2424,2115
2425,2108
2426,2108
2427,2108
2428,2110
2429,2109
2430,2108
2431,2109
2432,2112
2433,2108
2434,2110
2435,2108
2436,2105
2437,2108
2438,2109
2439,2112
2440,2110
2441,2102
2442,2105
2443,2108
2444,2122
2445,2110
2446,2108
2447,2110
2448,2108
2449,2106
2450,2108
2451,2109
2452,2106
2453,2098
2454,2107
2455,2105
2456,2107
2457,2105
2458,2095
2459,2108
2460,2104
2461,2110
2462,2105
2463,2105
2464,2105
2465,2110
2466,2108
2467,2108
2468,2108
2469,2108
2470,2107
2471,2104
2472,2108
2473,2107
2474,2102
2475,2106
2476,2108
2477,2061
2478,2108
2479,2110
2480,2108
2481,2110
2482,2110
2483,2106
2484,2111
2485,2110
2486,2110
2487,2106
2488,2107
2489,2112
2490,2105
2491,2110
2492,2108
2493,2105
2494,2111
2495,2102
2496,2108
2497,2124
2498,2109
2499,2110
2500,2109
2501,2104
2502,2112
2503,2109
2504,2089
2505,2105
2506,2102
2507,2107
2508,2106
2509,2110
2510,2109
2511,2112
2512,2107
2513,2108
2514,2108
2515,2107
2516,2118
2517,2109
2518,2115
2519,2107
2520,2108
2521,2110
2522,2066
2523,2109
2524,2108
2525,2109
2526,2106
2527,2105
2528,2109
2529,2112
2530,2085
2531,2122
2532,2109
2533,2109
2534,2111
2535,2108
2536,2110
2537,2110
2538,2106
2539,2104
2540,2103
2541,2126
2542,2106
2543,2104
2544,2108
2545,2107
2546,2103
2547,2107
2548,2098
2549,2103
2550,2100
2551,2108
2552,2111
2553,2105
2554,2110
2555,2106
2556,2105
2557,2108
2558,2108
2559,2102
2560,2098
2561,2103
2562,2106
2563,2106
2564,2120
2565,2105
2566,2103
2567,2105
2568,2114
2569,2110
2570,2102
2571,2107
2572,2108
2573,2105
2574,2110
2575,2112
2576,2107
2577,2104
2578,2106
2579,2106
2580,2094
2581,2105
2582,2110
2583,2073
2584,2105
2585,2110
2586,2110
2587,2110
2588,2110
2589,2107
2590,2105
2591,2111
2592,2109
2593,2110
2594,2094
2595,2107
2596,2104
2597,2104
2598,2104
2599,2106
2600,2105
2601,2113
2602,2107
2603,2102
2604,2106
2605,2110
2606,2119
2607,2106
2608,2111
2609,2110
2610,2104
2611,2104
2612,2110
2613,2102
2614,2104
2615,2108
2616,2109
2617,2102
2618,2104
2619,2109
2620,2111
2621,2108
2622,2107
2623,2106
2624,2111
2625,2108
2626,2108
2627,2112
2628,2110
2629,2106
2630,2107
2631,2119
2632,2104
2633,2106
2634,2107
2635,2113
2636,2086
2637,2108
2638,2108
2639,2111
2640,2106
2641,2108
2642,2117
2643,2110
2644,2108
2645,2108
2646,2106
2647,2092
2648,2105
2649,2109
2650,2108
2651,2104
2652,2104
2653,2104
2654,2111
2655,2111
2656,2111
2657,2115
2658,2108
2659,2108
2660,2110
2661,2098
2662,2110
2663,2108
2664,2107
2665,2110
2666,2106
2667,2106
2668,2105
2669,2109
2670,2108
2671,2106
2672,2115
2673,2107
2674,2108
2675,2106
2676,2110
2677,2108
2678,2110
2679,2109
2680,2113
2681,2108
2682,2111
2683,2104
2684,2108
2685,2107
2686,2104
2687,2104
2688,2101
2689,2104
2690,2106
2691,2093
2692,2110
2693,2105
2694,2109
2695,2109
2696,2109
2697,2108
2698,2110
2699,2106
2700,2114
2701,2103
2702,2106
2703,2106
2704,2104
2705,2105
2706,2105
2707,2106
2708,2109
2709,2115
2710,2110
2711,2105
2712,2107
2713,2111
2714,2108
2715,2109
2716,2109
2717,2108
2718,2106
2719,2105
2720,2106
2721,2107
2722,2104
2723,2101
2724,2108
2725,2113
2726,2107
2727,2104
2728,2109
2729,2106
2730,2112
2731,2107
2732,2108
2733,2108
2734,2111
2735,2108
2736,2107
2737,2104
2738,2105
2739,2106
2740,2108
2741,2106
2742,2108
2743,2107
2744,2126
2745,2102
2746,2107
2747,2104
2748,2109
2749,2106
2750,2111
2751,2108
2752,2121
2753,2110
2754,2108
2755,2105
2756,2106
2757,2103
2758,2106
2759,2104
2760,2107
2761,2106
2762,2105
2763,2110
2764,2106
2765,2108
2766,2110
2767,2106
2768,2110
2769,2109
2770,2106
2771,2110
2772,2108
2773,2110
2774,2105
2775,2105
2776,2103
2777,2105
2778,2109
2779,2109
2780,2108
2781,2115
2782,2111
2783,2105
2784,2107
2785,2110
2786,2109
2787,2100
2788,2102
2789,2108
2790,2106
2791,2108
2792,2105
2793,2104
2794,2115
2795,2096
2796,2111
2797,2126
2798,2121
2799,2106
2800,2112
2801,2106
2802,2105
2803,2107
2804,2110
2805,2107
2806,2102
2807,2105
2808,2104
2809,2108
2810,2107
2811,2107
2812,2109
2813,2107
2814,2098
2815,2108
2816,2108
2817,2105
2818,2108
2819,2107
2820,2106
2821,2108
2822,2104
2823,2106
2824,2107
2825,2105
2826,2108
2827,2106
2828,2110
2829,2110
2830,2098
2831,2107
2832,2106
2833,2107
2834,2108
2835,2116
2836,2108
2837,2109
2838,2114
2839,2110
2840,2112
2841,2119
2842,2113
2843,2103
2844,2105
2845,2111
2846,2107
2847,2110
2848,2110
2849,2106
2850,2101
2851,2108
2852,2112
2853,2110
2854,2104
2855,2106
2856,2108
2857,2106
2858,2108
2859,2104
2860,2106
2861,2108
2862,2104
2863,2106
2864,2112
2865,2106
2866,2105
2867,2112
2868,2106
2869,2106
2870,2109
2871,2107
2872,2110
2873,2108
2874,2102
2875,2110
2876,2107
2877,2104
2878,2105
2879,2094
2880,2099
2881,2103
2882,2110
2883,2067
2884,2105
2885,2108
2886,2108
2887,2108
2888,2110
2889,2084
2890,2108
2891,2115
2892,2110
2893,2106
2894,2107
2895,2108
2896,2109
2897,2108
2898,2104
2899,2107
2900,2100
2901,2125
2902,2111
2903,2098
2904,2108
2905,2111
2906,2112
2907,2107
2908,2107
2909,2110
2910,2108
2911,2108
2912,2112
2913,2108
2914,2107
2915,2112
2916,2109
2917,2102
2918,2101
2919,2108
2920,2108
2921,2108
2922,2112
2923,2110
2924,2108
2925,2108
2926,2108
2927,2106
2928,2107
2929,2108
2930,2098
2931,2106
2932,2107
2933,2106
2934,2110
2935,2103
2936,2110
2937,2116
2938,2102
2939,2111
2940,2110
2941,2106
2942,2110
2943,2109
2944,2110
2945,2107
2946,2106
2947,2104
2948,2115
2949,2105
2950,2105
2951,2104
2952,2104
2953,2108
2954,2106
2955,2109
2956,2114
2957,2087
2958,2109
2959,2110
2960,2108
2961,2108
2962,2115
2963,2108
2964,2105
2965,2108
2966,2109
2967,2107
2968,2105
2969,2110
2970,2111
2971,2100
2972,2106
2973,2110
2974,2108
2975,2107
2976,2112
2977,2108
2978,2110
2979,2107
2980,2108
2981,2108
2982,2106
2983,2114
2984,2103
2985,2110
2986,2107
2987,2103
2988,2104
2989,2108
2990,2105
2991,2090
2992,2106
2993,2108
2994,2107
2995,2111
2996,2114
2997,2110
2998,2105
2999,2108
3000,2119
3001,2108
3002,2106
3003,2106
3004,2106
3005,2106
3006,2116
3007,2110
3008,2110
3009,2109
3010,2097
3011,2109
3012,2105
3013,2109
3014,2109
3015,2105
3016,2107
3017,2104
3018,2110
3019,2107
3020,2109
3021,2109
3022,2106
3023,2110
3024,2099
3025,2122
3026,2111
3027,2110
3028,2099
3029,2104
3030,2111
3031,2106
3032,2110
3033,2107
3034,2105
3035,2104
3036,2105
3037,2110
3038,2106
3039,2103
3040,2105
3041,2110
3042,2102
3043,2103
3044,2106
3045,2105
3046,2109
3047,2108
3048,2107
3049,2105
3050,2109
3051,2108
3052,2106
3053,2114
3054,2106
3055,2105
3056,2107
3057,2107
3058,2109
3059,2110
3060,2109
3061,2108
3062,2106
3063,2108
3064,2116
3065,2111
3066,2107
3067,2109
3068,2111
3069,2110
3070,2108
3071,2109
3072,2108
3073,2105
3074,2108
3075,2126
3076,2108
3077,2148
3078,2108
3079,2109
3080,2107
3081,2106
3082,2112
3083,2108
3084,2109
3085,2112
3086,2110
3087,2106
3088,2110
3089,2108
3090,2108
3091,2108
3092,2106
3093,2108
3094,2096
3095,2110
3096,2106
3097,2120
3098,2109
3099,2111
3100,2108
3101,2112
3102,2109
3103,2108
3104,2108
3105,2103
3106,2106
3107,2101
3108,2108
3109,2107
3110,2114
3111,2107
3112,2103
3113,2110
3114,2107
3115,2111
3116,2112
3117,2108
3118,2109
3119,2105
3120,2108
3121,2110
3122,2108
3123,2107
3124,2105
3125,2108
3126,2108
3127,2112
3128,2105
3129,2107
3130,2112
3131,2110
3132,2107
3133,2101
3134,2107
3135,2111
3136,2109
3137,2108
3138,2110
3139,2109
3140,2111
3141,2103
3142,2104
3143,2108
3144,2092
3145,2110
3146,2104
3147,2106
3148,2104
3149,2110
3150,2097
3151,2108
3152,2107
3153,2110
3154,2109
3155,2108
3156,2108
3157,2108
3158,2111
3159,2110
3160,2107
3161,2098
3162,2119
3163,2105
3164,2103
3165,2108
3166,2107
3167,2106
3168,2104
3169,2108
3170,2110
3171,2108
3172,2111
3173,2117
3174,2107
3175,2109
3176,2121
3177,2107
3178,2106
3179,2107
3180,2104
3181,2108
3182,2115
3183,2133
3184,2108
3185,2110
3186,2108
3187,2103
3188,2112
3189,2110
3190,2117
3191,2107
3192,2108
3193,2107
3194,2108
3195,2106
3196,2111
3197,2104
3198,2105
3199,2108
3200,2110
3201,2113
3202,2111
3203,2092
3204,2110
3205,2107
3206,2110
3207,2106
3208,2112
3209,2105
3210,2107
3211,2107
3212,2104
3213,2100
3214,2104
3215,2115
3216,2100
3217,2104
3218,2114
3219,2109
3220,2105
3221,2103
3222,2110
3223,2110
3224,2106
3225,2110
3226,2107
3227,2106
3228,2107
3229,2108
3230,2110
3231,2110
3232,2108
3233,2108
3234,2108
3235,2109
3236,2093
3237,2109
3238,2111
3239,2109
3240,2103
3241,2110
3242,2110
3243,2107
3244,2109
3245,2096
3246,2087
3247,2099
3248,2107
3249,2108
3250,2108
3251,2105
3252,2104
3253,2102
3254,2102
3255,2107
3256,2110
3257,2105
3258,2108
3259,2108
3260,2112
3261,2106
3262,2110
3263,2107
3264,2108
3265,2105
3266,2108
3267,2108
3268,2107
3269,2108
3270,2107
3271,2108
3272,2111
3273,2105
3274,2110
3275,2109
3276,2108
3277,2105
3278,2108
3279,2107
3280,2110
3281,2108
3282,2126
3283,2103
3284,2116
3285,2105
3286,2108
3287,2104
3288,2108
3289,2107
3290,2110
3291,2106
3292,2109
3293,2108
3294,2110
3295,2104
3296,2108
3297,2108
3298,2112
3299,2108
3300,2107
3301,2108
3302,2107
3303,2106
3304,2101
3305,2108
3306,2103
3307,2113
3308,2108
3309,2111
3310,2108
3311,2108
3312,2102
3313,2110
3314,2109
3315,2108
3316,2110
3317,2105
3318,2106
3319,2104
3320,2105
3321,2110
3322,2103
3323,2108
3324,2076
3325,2105
3326,2110
3327,2112
3328,2111
3329,2110
3330,2109
3331,2110
3332,2108
3333,2126
3334,2109
3335,2110
3336,2102
3337,2102
3338,2105
3339,2111
3340,2104
3341,2101
3342,2106
3343,2108
3344,2105
3345,2108
3346,2106
3347,2108
3348,2108
3349,2110
3350,2116
3351,2111
3352,2120
3353,2107
3354,2107
3355,2110
3356,2106
3357,2108
3358,2115
3359,2110
3360,2106
3361,2107
3362,2111
3363,2105
3364,2105
3365,2113
3366,2109
3367,2107
3368,2110
3369,2111
3370,2109
3371,2109
3372,2108
3373,2102
3374,2104
3375,2106
3376,2104
3377,2065
3378,2103
3379,2112
3380,2109
3381,2108
3382,2109
3383,2105
3384,2108
3385,2110
3386,2110
3387,2108
3388,2153
3389,2106
3390,2106
3391,2108
3392,2107
3393,2108
3394,2100
3395,2109
3396,2108
3397,2113
3398,2107
3399,2110
3400,2109
3401,2096
3402,2109
3403,2110
3404,2110
3405,2107
3406,2109
3407,2106
3408,2105
3409,2108
3410,2113
3411,2109
3412,2106
3413,2106
3414,2114
3415,2109
3416,2112
3417,2110
3418,2109
3419,2108
3420,2109
3421,2110
3422,2100
3423,2102
3424,2105
3425,2105
3426,2106
3427,2108
3428,2107
3429,2096
3430,2047
3431,2106
3432,2106
3433,2107
3434,2108
3435,2108
3436,2110
3437,2106
3438,2105
3439,2103
3440,2109
3441,2091
3442,2106
3443,2108
3444,2105
3445,2104
3446,2101
3447,2107
3448,2107
3449,2108
3450,2101
3451,2109
3452,2112
3453,2112
3454,2112
3455,2111
3456,2108
3457,2107
3458,2108
3459,2116
3460,2108
3461,2103
3462,2111
3463,2112
3464,2109
3465,2108
3466,2111
3467,2108
3468,2102
3469,2110
3470,2113
3471,2108
3472,2111
3473,2112
3474,2108
3475,2110
3476,2107
3477,2104
3478,2108
3479,2104
3480,2105
3481,2107
3482,2108
3483,2150
3484,2108
3485,2112
3486,2109
3487,2102
3488,2110
3489,2107
3490,2107
3491,2109
3492,2110
3493,2110
3494,2117
3495,2107
3496,2108
3497,2105
3498,2108
3499,2108
3500,2111
3501,2103
3502,2110
3503,2105
3504,2110
3505,2107
3506,2107
3507,2108
3508,2110
3509,2108
3510,2110
3511,2103
3512,2105
3513,2107
3514,2107
3515,2110
3516,2107
3517,2106
3518,2109
3519,2107
3520,2109
3521,2104
3522,2107
3523,2111
3524,2112
3525,2110
3526,2108
3527,2107
3528,2110
3529,2105
3530,2111
3531,2105
3532,2107
3533,2108
3534,2109
3535,2111
3536,2092
3537,2108
3538,2070
3539,2111
3540,2106
3541,2110
3542,2112
3543,2108
3544,2106
3545,2107
3546,2108
3547,2113
3548,2106
3549,2106
3550,2107
3551,2105
3552,2113
3553,2113
3554,2108
3555,2105
3556,2111
3557,2104
3558,2104
3559,2103
3560,2109
3561,2111
3562,2110
3563,2108
3564,2108
3565,2104
3566,2104
3567,2102
3568,2105
3569,2107
3570,2106
3571,2114
3572,2112
3573,2105
3574,2110
3575,2106
3576,2109
3577,2110
3578,2108
3579,2108
3580,2105
3581,2105
3582,2107
3583,2110
3584,2105
3585,2106
3586,2108
3587,2105
3588,2102
3589,2103
3590,2107
3591,2094
3592,2108
3593,2107
3594,2111
3595,2108
3596,2110
3597,2109
3598,2112
3599,2109
3600,2101
3601,2107
3602,2109
3603,2107
3604,2108
3605,2104
3606,2108
3607,2096
3608,2110
3609,2106
3610,2108
3611,2107
3612,2107
3613,2111
3614,2108
3615,2107
3616,2109
3617,2107
3618,2106
3619,2110
3620,2108
3621,2109
3622,2105
3623,2109
3624,2102
3625,2106
3626,2108
3627,2109
3628,2110
3629,2110
3630,2102
3631,2109
3632,2110
3633,2118
3634,2105
3635,2106
3636,2107
3637,2106
3638,2108
3639,2108
3640,2112
3641,2104
3642,2107
3643,2108
3644,2096
3645,2109
3646,2112
3647,2112
3648,2110
3649,2096
3650,2112
3651,2108
3652,2103
3653,2100
3654,2106
3655,2107
3656,2106
3657,2102
3658,2096
3659,2104
3660,2111
3661,2106
3662,2115
3663,2089
3664,2102
3665,2105
3666,2108
3667,2108
3668,2108
3669,2107
3670,2108
3671,2105
3672,2106
3673,2107
3674,2110
3675,2106
3676,2108
3677,2055
3678,2110
3679,2107
3680,2108
3681,2106
3682,2107
3683,2108
3684,2108
3685,2108
3686,2107
3687,2108
3688,2077
3689,2109
3690,2106
3691,2108
3692,2105
3693,2110
3694,2114
3695,2100
3696,2109
3697,2100
3698,2110
3699,2113
3700,2108
3701,2109
3702,2108
3703,2108
3704,2111
3705,2105
3706,2109
3707,2108
3708,2106
3709,2107
3710,2108
3711,2105
3712,2110
3713,2109
3714,2106
3715,2115
3716,2109
3717,2107
3718,2112
3719,2112
3720,2105
3721,2109
3722,2110
3723,2108
3724,2106
3725,2105
3726,2108
3727,2108
3728,2108
3729,2105
3730,2148
3731,2105
3732,2110
3733,2106
3734,2112
3735,2106
3736,2105
3737,2109
3738,2110
3739,2108
3740,2109
3741,2074
3742,2104
3743,2103
3744,2108
3745,2107
3746,2108
3747,2110
3748,2118
3749,2110
3750,2108
3751,2106
3752,2107
3753,2110
3754,2107
3755,2107
3756,2107
3757,2107
3758,2108
3759,2112
3760,2108
3761,2106
3762,2108
3763,2108
3764,2102
3765,2106
3766,2103
3767,2110
3768,2104
3769,2109
3770,2110
3771,2108
3772,2109
3773,2110
3774,2101
3775,2108
3776,2114
3777,2107
3778,2103
3779,2107
3780,2106
3781,2106
3782,2102
3783,2155
3784,2107
3785,2106
3786,2106
3787,2109
3788,2120
3789,2110
3790,2110
3791,2108
3792,2104
3793,2107
3794,2121
3795,2109
3796,2104
3797,2105
3798,2108
3799,2109
3800,2103
3801,2111
3802,2104
3803,2104
3804,2106
3805,2112
3806,2111
3807,2107
3808,2106
3809,2108
3810,2111
3811,2104
3812,2103
3813,2108
3814,2107
3815,2107
3816,2110
3817,2108
3818,2115
3819,2108
3820,2109
3821,2108
3822,2106
3823,2109
3824,2111
3825,2108
3826,2110
3827,2107
3828,2106
3829,2107
3830,2108
3831,2106
3832,2108
3833,2105
3834,2106
3835,2110
3836,2105
3837,2104
3838,2071
3839,2108
3840,2110
3841,2107
3842,2110
3843,2106
3844,2111
3845,2104
3846,2108
3847,2118
3848,2105
3849,2101
3850,2105
3851,2106
3852,2106
3853,2119
3854,2108
3855,2107
3856,2102
3857,2105
3858,2105
3859,2106
3860,2110
3861,2108
3862,2108
3863,2104
3864,2108
3865,2104
3866,2105
3867,2105
3868,2105
3869,2108
3870,2106
3871,2103
3872,2109
3873,2109
3874,2110
3875,2106
3876,2109
3877,2112
3878,2111
3879,2108
3880,2107
3881,2109
3882,2107
3883,2107
3884,2109
3885,2107
3886,2105
3887,2103
3888,2117
3889,2107
3890,2110
3891,2143
3892,2108
3893,2108
3894,2108
3895,2107
3896,2111
3897,2108
3898,2108
3899,2106
3900,2106
3901,2105
3902,2110
3903,2108
3904,2106
3905,2096
3906,2106
3907,2108
3908,2108
3909,2104
3910,2110
3911,2105
3912,2106
3913,2109
3914,2110
3915,2111
3916,2100
3917,2108
3918,2107
3919,2106
3920,2108
3921,2105
3922,2106
3923,2108
3924,2075
3925,2104
3926,2109
3927,2108
3928,2110
3929,2109
3930,2112
3931,2108
3932,2110
3933,2110
3934,2108
3935,2104
3936,2108
3937,2107
3938,2108
3939,2103
3940,2108
3941,2110
3942,2099
3943,2106
3944,2103
3945,2111
3946,2106
3947,2106
3948,2107
3949,2108
3950,2108
3951,2109
3952,2110
3953,2094
3954,2105
3955,2110
3956,2106
3957,2102
3958,2086
3959,2102
3960,2108
3961,2107
3962,2108
3963,2107
3964,2109
3965,2109
3966,2110
3967,2110
3968,2110
3969,2100
3970,2110
3971,2112
3972,2108
3973,2106
3974,2106
3975,2108
3976,2106
3977,2074
3978,2109
3979,2108
3980,2110
3981,2108
3982,2110
3983,2104
3984,2107
3985,2110
3986,2110
3987,2109
3988,2042
3989,2106
3990,2108
3991,2106
3992,2108
3993,2107
3994,2103
3995,2100
3996,2107
3997,2097
3998,2110
3999,2105
4000,2110
4001,2108
4002,2105
4003,2108
4004,2108
4005,2107
4006,2102
4007,2106
4008,2107
4009,2107
4010,2108
4011,2099
4012,2103
4013,2110
4014,2108
4015,2109
4016,2110
4017,2105
4018,2105
4019,2109
4020,2135
4021,2108
4022,2106
4023,2108
4024,2106
4025,2104
4026,2105
4027,2104
4028,2111
4029,2094
4030,2050
4031,2107
4032,2105
4033,2107
4034,2108
4035,2108
4036,2109
4037,2110
4038,2107
4039,2108
4040,2108
4041,2097
4042,2108
4043,2105
4044,2114
4045,2104
4046,2111
4047,2106
4048,2116
4049,2107
4050,2118
4051,2108
4052,2108
4053,2110
4054,2113
4055,2106
4056,2109
4057,2104
4058,2108
4059,2095
4060,2106
4061,2108
4062,2108
4063,2108
4064,2131
4065,2108
4066,2108
4067,2108
4068,2102
4069,2104
4070,2111
4071,2106
4072,2106
4073,2114
4074,2108
4075,2106
4076,2108
4077,2105
4078,2104
4079,2107
4080,2108
4081,2108
4082,2111
4083,2071
4084,2108
4085,2108
4086,2107
4087,2109
4088,2108
4089,2110
4090,2111
4091,2110
4092,2108
4093,2108
4094,2120
4095,2108
4096,2108
4097,2105
4098,2108
4099,2108
4100,2111
4101,2102
4102,2115
4103,2115
4104,2106
4105,2108
4106,2111
4107,2107
4108,2111
4109,2108
4110,2109
4111,2106
4112,2103
4113,2109
4114,2102
4115,2102
4116,2105
4117,2114
4118,2104
4119,2106
4120,2105
4121,2106
4122,2110
4123,2108
4124,2109
4125,2110
4126,2106
4127,2106
4128,2106
4129,2108
4130,2105
4131,2111
4132,2105
4133,2112
4134,2107
4135,2113
4136,2087
4137,2105
4138,2176
4139,2104
4140,2105
4141,2110
4142,2111
4143,2108
4144,2109
4145,2106
4146,2110
4147,2118
4148,2111
4149,2111
4150,2104
4151,2105
4152,2106
4153,2108
4154,2109
4155,2108
4156,2103
4157,2104
4158,2109
4159,2108
4160,2112
4161,2108
4162,2107
4163,2108
4164,2108
4165,2104
4166,2108
4167,2105
4168,2109
4169,2109
4170,2110
4171,2107
4172,2108
4173,2107
4174,2109
4175,2110
4176,2108
4177,2114
4178,2108
4179,2108
4180,2108
4181,2108
4182,2111
4183,2106
4184,2104
4185,2106
4186,2107
4187,2106
4188,2105
4189,2105
4190,2105
4191,2139
4192,2106
4193,2108
4194,2109
4195,2109
4196,2111
4197,2107
4198,2101
4199,2107
4200,2099
4201,2107
4202,2104
4203,2105
4204,2106
4205,2103
4206,2105
4207,2104
4208,2109
4209,2103
4210,2108
4211,2107
4212,2110
4213,2106
4214,2108
4215,2109
4216,2112
4217,2108
4218,2103
4219,2106
4220,2102
4221,2109
4222,2107
4223,2105
4224,2112
4225,2110
4226,2107
4227,2108
4228,2108
4229,2109
4230,2105
4231,2108
4232,2111
4233,2111
4234,2114
4235,2104
4236,2100
4237,2107
4238,2107
4239,2110
4240,2105
4241,2099
4242,2104
4243,2109
4244,2094
4245,2109
4246,2109
4247,2108
4248,2132
4249,2107
4250,2110
4251,2108
4252,2108
4253,2100
4254,2107
4255,2107
4256,2108
4257,2107
4258,2114
4259,2105
4260,2104
4261,2107
4262,2110
4263,2106
4264,2107
4265,2110
4266,2108
4267,2107
4268,2108
4269,2107
4270,2108
4271,2106
4272,2105
4273,2104
4274,2105
4275,2113
4276,2103
4277,2038
4278,2106
4279,2108
4280,2110
4281,2109
4282,2108
4283,2108
4284,2106
4285,2110
4286,2108
4287,2103
4288,2071
4289,2108
4290,2105
4291,2108
4292,2108
4293,2108
4294,2110
4295,2097
4296,2108
4297,2098
4298,2107
4299,2107
4300,2108
4301,2110
4302,2108
4303,2108
4304,2110
4305,2110
4306,2111
4307,2110
4308,2104
4309,2104
4310,2108
4311,2094
4312,2108
4313,2107
4314,2106
4315,2108
4316,2108
4317,2108
4318,2114
4319,2108
4320,2106
4321,2109
4322,2110
4323,2106
4324,2110
4325,2105
4326,2106
4327,2105
4328,2111
4329,2112
4330,2123
4331,2104
4332,2108
4333,2109
4334,2112
4335,2108
4336,2108
4337,2109
4338,2110
4339,2109
4340,2108
4341,2121
4342,2109
4343,2108
4344,2108
4345,2107
4346,2108
4347,2110
4348,2131
4349,2106
4350,2118
4351,2110
4352,2108
4353,2106
4354,2112
4355,2108
4356,2109
4357,2108
4358,2109
4359,2110
4360,2106
4361,2103
4362,2108
4363,2097
4364,2112
4365,2119
4366,2107
4367,2108
4368,2107
4369,2109
4370,2111
4371,2109
4372,2110
4373,2108
4374,2105
4375,2108
4376,2109
4377,2103
4378,2105
4379,2109
4380,2108
4381,2105
4382,2105
4383,2098
4384,2108
4385,2104
4386,2107
4387,2108
4388,2108
4389,2109
4390,2110
4391,2113
4392,2108
4393,2108
4394,2111
4395,2108
4396,2108
4397,2104
4398,2106
4399,2106
4400,2097
4401,2108
4402,2108
4403,2112
4404,2108
4405,2111
4406,2111
4407,2108
4408,2111
4409,2108
4410,2112
4411,2109
4412,2108
4413,2108
4414,2104
4415,2109
4416,2108
4417,2104
4418,2105
4419,2114
4420,2108
4421,2109
4422,2109
4423,2109
4424,2110
4425,2108
4426,2111
4427,2108
4428,2106
4429,2106
4430,2113
4431,2108
4432,2108
4433,2109
4434,2108
4435,2107
4436,2088
4437,2108
4438,2133
4439,2109
4440,2108
4441,2114
4442,2109
4443,2106
4444,2110
4445,2105
4446,2106
4447,2116
4448,2106
4449,2108
4450,2108
4451,2104
4452,2109
4453,2108
4454,2112
4455,2105
4456,2106
4457,2110
4458,2108
4459,2113
4460,2104
4461,2108
4462,2110
4463,2108
4464,2110
4465,2106
4466,2105
4467,2108
4468,2104
4469,2108
4470,2108
4471,2107
4472,2108
4473,2109
4474,2105
4475,2106
4476,2104
4477,2112
4478,2108
4479,2109
4480,2108
4481,2106
4482,2104
4483,2106
4484,2107
4485,2108
4486,2102
4487,2098
4488,2108
4489,2104
4490,2106
4491,2110
4492,2109
4493,2108
4494,2108
4495,2108
4496,2111
4497,2108
4498,2107
4499,2106
4500,2101
4501,2110
4502,2105
4503,2105
4504,2109
4505,2117
4506,2106
4507,2111
4508,2110
4509,2108
4510,2110
4511,2110
4512,2108
4513,2107
4514,2107
4515,2109
4516,2116
4517,2107
4518,2105
4519,2119
4520,2106
4521,2109
4522,2108
4523,2108
4524,2136
4525,2106
4526,2109
4527,2104
4528,2103
4529,2105
4530,2105
4531,2111
4532,2114
4533,2111
4534,2106
4535,2105
4536,2108
4537,2107
4538,2108
4539,2103
4540,2106
4541,2104
4542,2116
4543,2108
4544,2109
4545,2111
4546,2106
4547,2108
4548,2105
4549,2105
4550,2111
4551,2107
4552,2105
4553,2103
4554,2108
4555,2108
4556,2112
4557,2103
4558,2122
4559,2106
4560,2108
4561,2110
4562,2109
4563,2107
4564,2108
4565,2110
4566,2107
4567,2104
4568,2109
4569,2110
4570,2105
4571,2108
4572,2107
4573,2106
4574,2105
4575,2105
4576,2110
4577,2128
4578,2105
4579,2106
4580,2110
4581,2105
4582,2108
4583,2108
4584,2107
4585,2111
4586,2119
4587,2105
4588,2142
4589,2104
4590,2105
4591,2108
4592,2107
4593,2108
4594,2103
4595,2101
4596,2110
4597,2100
4598,2109
4599,2102
4600,2109
4601,2110
4602,2107
4603,2106
4604,2106
4605,2106
4606,2104
4607,2106
4608,2106
4609,2108
4610,2109
4611,2081
4612,2104
4613,2104
4614,2104
4615,2105
4616,2108
4617,2110
4618,2110
4619,2108
4620,2108
4621,2105
4622,2110
4623,2107
4624,2106
4625,2107
4626,2108
4627,2110
4628,2102
4629,2098
4630,2102
4631,2108
4632,2104
4633,2104
4634,2111
4635,2110
4636,2107
4637,2108
4638,2105
4639,2106
4640,2105
4641,2108
4642,2105
4643,2103
4644,2110
4645,2102
4646,2109
4647,2110
4648,2112
4649,2108
4650,2114
4651,2107
4652,2107
4653,2099
4654,2108
4655,2107
4656,2112
4657,2110
4658,2105
4659,2104
4660,2104
4661,2105
4662,2103
4663,2104
4664,2117
4665,2106
4666,2102
4667,2100
4668,2109
4669,2109
4670,2109
4671,2108
4672,2111
4673,2107
4674,2108
4675,2105
4676,2108
4677,2108
4678,2108
4679,2107
4680,2109
4681,2108
4682,2104
4683,2149
4684,2110
4685,2117
4686,2105
4687,2110
4688,2108
4689,2110
4690,2109
4691,2109
4692,2108
4693,2110
4694,2115
4695,2109
4696,2110
4697,2104
4698,2104
4699,2110
4700,2101
4701,2105
4702,2106
4703,2109
4704,2106
4705,2108
4706,2108
4707,2109
4708,2111
4709,2109
4710,2108
4711,2107
4712,2108
4713,2100
4714,2112
4715,2106
4716,2107
4717,2111
4718,2105
4719,2108
4720,2110
4721,2110
4722,2108
4723,2110
4724,2110
4725,2109
4726,2108
4727,2108
4728,2109
4729,2108
4730,2109
4731,2108
4732,2106
4733,2106
4734,2108
4735,2117
4736,2095
4737,2103
4738,2072
4739,2108
4740,2109
4741,2108
4742,2110
4743,2106
4744,2109
4745,2106
4746,2107
4747,2117
4748,2107
4749,2105
4750,2106
4751,2109
4752,2102
4753,2105
4754,2110
4755,2105
4756,2106
4757,2110
4758,2107
4759,2110
4760,2107
4761,2110
4762,2110
4763,2106
4764,2108
4765,2110
4766,2103
4767,2104
4768,2107
4769,2111
4770,2108
4771,2105
4772,2105
4773,2108
4774,2108
4775,2108
4776,2108
4777,2111
4778,2111
4779,2111
4780,2095
4781,2100
4782,2106
4783,2107
4784,2105
4785,2105
4786,2105
4787,2105
4788,2111
4789,2106
4790,2113
4791,2088
4792,2103
4793,2110
4794,2104
4795,2108
4796,2105
4797,2108
4798,2110
4799,2106
4800,2111
4801,2106
4802,2110
4803,2105
4804,2103
4805,2104
4806,2105
4807,2105
4808,2110
4809,2106
4810,2105
4811,2115
4812,2112
4813,2109
4814,2104
4815,2110
4816,2111
4817,2105
4818,2103
4819,2108
4820,2105
4821,2104
4822,2110
4823,2105
4824,2136
4825,2102
4826,2111
4827,2104
4828,2105
4829,2110
4830,2108
4831,2106
4832,2108
4833,2111
4834,2105
4835,2106
4836,2102
4837,2105
4838,2107
4839,2103
4840,2102
4841,2114
4842,2110
4843,2106
4844,2099
4845,2108
4846,2108
4847,2110
4848,2112
4849,2112
4850,2105
4851,2107
4852,2100
4853,2112
4854,2103
4855,2108
4856,2112
4857,2108
4858,2108
4859,2113
4860,2109
4861,2106
4862,2109
4863,2111
4864,2110
4865,2105
4866,2109
4867,2110
4868,2112
4869,2105
4870,2104
4871,2101
4872,2108
4873,2109
4874,2106
4875,2108
4876,2108
4877,2105
4878,2111
4879,2105
4880,2110
4881,2105
4882,2110
4883,2110
4884,2104
4885,2109
4886,2110
4887,2104
4888,2083
4889,2109
4890,2095
4891,2110
4892,2096
4893,2111
4894,2110
4895,2113
4896,2106
4897,2096
4898,2110
4899,2106
4900,2106
4901,2107
4902,2102
4903,2108
4904,2095
4905,2106
4906,2108
4907,2105
4908,2105
4909,2110
4910,2105
4911,2079
4912,2107
4913,2105
4914,2105
4915,2103
4916,2113
4917,2109
4918,2108
4919,2108
4920,2110
4921,2108
4922,2110
4923,2108
4924,2108
4925,2108
4926,2096
4927,2108
4928,2100
4929,2112
4930,2164
4931,2107
4932,2111
4933,2108
4934,2108
4935,2108
4936,2111
4937,2107
4938,2116
4939,2110
4940,2113
4941,2108
4942,2107
4943,2104
4944,2106
4945,2104
4946,2110
4947,2112
4948,2109
4949,2108
4950,2114
4951,2110
4952,2110
4953,2111
4954,2108
4955,2104
4956,2107
4957,2105
4958,2108
4959,2105
4960,2107
4961,2105
4962,2103
4963,2104
4964,2116
4965,2115
4966,2112
4967,2107
4968,2110
4969,2110
4970,2110
4971,2107
4972,2108
4973,2108
4974,2109
4975,2108
4976,2110
4977,2106
4978,2105
4979,2106
4980,2108
4981,2106
4982,2103
4983,2146
4984,2104
4985,2108
4986,2109
4987,2107
4988,2109
4989,2112
4990,2109
4991,2110
4992,2113
4993,2108
4994,2101
4995,2106
4996,2110
4997,2104
4998,2105
4999,2110
5000,2108
5001,2100
5002,2107
5003,2110
5004,2107
5005,2110
5006,2112
5007,2107
5008,2102
5009,2108
5010,2110
5011,2106
5012,2108
5013,2102
5014,2102
5015,2100
5016,2106
5017,2112
5018,2104
5019,2108
5020,2105
5021,2104
5022,2110
5023,2109
5024,2111
5025,2109
5026,2109
5027,2106
5028,2110
5029,2108
5030,2111
5031,2106
5032,2110
5033,2107
5034,2105
5035,2098
5036,2117
5037,2105
5038,2111
5039,2107
5040,2111
5041,2108
5042,2109
5043,2109
5044,2106
5045,2112
5046,2110
5047,2100
5048,2095
5049,2106
5050,2108
5051,2105
5052,2105
5053,2105
5054,2110
5055,2105
5056,2113
5057,2105
5058,2105
5059,2111
5060,2107
5061,2105
5062,2116
5063,2112
5064,2104
5065,2109
5066,2108
5067,2108
5068,2101
5069,2104
5070,2111
5071,2111
5072,2107
5073,2105
5074,2103
5075,2105
5076,2108
5077,2109
5078,2100
5079,2111
5080,2109
5081,2105
5082,2108
5083,2106
5084,2104
5085,2104
5086,2108
5087,2103
5088,2108
5089,2108
5090,2109
5091,2102
5092,2110
5093,2109
5094,2112
5095,2110
5096,2112
5097,2110
5098,2106
5099,2105
5100,2112
5101,2105
5102,2106
5103,2108
5104,2108
5105,2126
5106,2106
5107,2096
5108,2110
5109,2110
5110,2107
5111,2110
5112,2108
5113,2109
5114,2111
5115,2105
5116,2108
5117,2108
5118,2106
5119,2109
5120,2097
5121,2103
5122,2109
5123,2108
5124,2086
5125,2108
5126,2110
5127,2104
5128,2108
5129,2115
5130,2111
5131,2106
5132,2105
5133,2110
5134,2114
5135,2100
5136,2105
5137,2106
5138,2110
5139,2104
5140,2106
5141,2110
5142,2108
5143,2104
5144,2118
5145,2109
5146,2109
5147,2104
5148,2107
5149,2111
5150,2107
5151,2109
5152,2121
5153,2108
5154,2105
5155,2109
5156,2109
5157,2105
5158,2096
5159,2104
5160,2103
5161,2106
5162,2105
5163,2105
5164,2112
5165,2110
5166,2104
5167,2110
5168,2109
5169,2108
5170,2105
5171,2109
5172,2109
5173,2107
5174,2111
5175,2117
5176,2110
5177,2148
5178,2111
5179,2107
5180,2107
5181,2106
5182,2110
5183,2104
5184,2108
5185,2110
5186,2106
5187,2106
5188,2086
5189,2106
5190,2105
5191,2096
5192,2103
5193,2108
5194,2113
5195,2099
5196,2107
5197,2103
5198,2106
5199,2107
5200,2107
5201,2108
5202,2109
5203,2105
5204,2106
5205,2108
5206,2101
5207,2106
5208,2106
5209,2108
5210,2105
5211,2083
5212,2110
5213,2104
5214,2104
5215,2104
5216,2110
5217,2107
5218,2105
5219,2109
5220,2099
5221,2130
5222,2110
5223,2104
5224,2107
5225,2108
5226,2106
5227,2109
5228,2110
5229,2118
5230,2144
5231,2102
5232,2108
5233,2104
5234,2108
5235,2113
5236,2110
5237,2108
5238,2110
5239,2110
5240,2104
5241,2118
5242,2105
5243,2106
5244,2102
5245,2110
5246,2110
5247,2109
5248,2110
5249,2107
5250,2107
5251,2105
5252,2106
5253,2110
5254,2111
5255,2109
5256,2108
5257,2106
5258,2110
5259,2101
5260,2108
5261,2104
5262,2108
5263,2104
5264,2117
5265,2112
5266,2114
5267,2106
5268,2108
5269,2106
5270,2109
5271,2103
5272,2109
5273,2109
5274,2111
5275,2108
5276,2108
5277,2107
5278,2103
5279,2107
5280,2107
5281,2108
5282,2104
5283,2119
5284,2108
5285,2110
5286,2106
5287,2110
5288,2108
5289,2111
5290,2110
5291,2106
5292,2106
5293,2103
5294,2091
5295,2108
5296,2107
5297,2107
5298,2105
5299,2108
5300,2102
5301,2111
5302,2107
5303,2104
5304,2107
5305,2108
5306,2109
5307,2107
5308,2110
5309,2108
5310,2104
5311,2108
5312,2112
5313,2106
5314,2105
5315,2104
5316,2105
5317,2110
5318,2114
5319,2104
5320,2108
5321,2106
5322,2111
5323,2110
5324,2106
5325,2107
5326,2107
5327,2106
5328,2105
5329,2106
5330,2106
5331,2105
5332,2110
5333,2105
5334,2107
5335,2110
5336,2091
5337,2107
5338,2125
5339,2110
5340,2102
5341,2108
5342,2110
5343,2108
5344,2108
5345,2108
5346,2107
5347,2095
5348,2105
5349,2103
5350,2104
5351,2105
5352,2108
5353,2102
5354,2101
5355,2104
5356,2117
5357,2108
5358,2106
5359,2111
5360,2102
5361,2104
5362,2109
5363,2099
5364,2105
5365,2112
5366,2108
5367,2111
5368,2108
5369,2106
5370,2107
5371,2103
5372,2111
5373,2106
5374,2109
5375,2108
5376,2109
5377,2110
5378,2113
5379,2110
5380,2112
5381,2109
5382,2115
5383,2107
5384,2110
5385,2109
5386,2110
5387,2106
5388,2107
5389,2112
5390,2107
5391,2096
5392,2107
5393,2108
5394,2111
5395,2106
5396,2107
5397,2109
5398,2109
5399,2104
5400,2110
5401,2110
5402,2109
5403,2105
5404,2105
5405,2111
5406,2104
5407,2110
5408,2108
5409,2112
5410,2107
5411,2108
5412,2108
5413,2114
5414,2109
5415,2109
5416,2110
5417,2106
5418,2104
5419,2105
5420,2107
5421,2108
5422,2107
5423,2101
5424,2148
5425,2107
5426,2108
5427,2109
5428,2107
5429,2109
5430,2107
5431,2106
5432,2110
5433,2109
5434,2102
5435,2106
5436,2105
5437,2104
5438,2102
5439,2108
5440,2106
5441,2102
5442,2106
5443,2107
5444,2123
5445,2108
5446,2110
5447,2104
5448,2106
5449,2109
5450,2110
5451,2110
5452,2105
5453,2111
5454,2108
5455,2107
5456,2110
5457,2108
5458,2098
5459,2102
5460,2103
5461,2108
5462,2106
5463,2108
5464,2106
5465,2108
5466,2110
5467,2106
5468,2114
5469,2108
5470,2103
5471,2109
5472,2125
5473,2105
5474,2106
5475,2111
5476,2112
5477,2134
5478,2106
5479,2110
5480,2109
5481,2105
5482,2111
5483,2111
5484,2109
5485,2106
5486,2108
5487,2110
5488,2122
5489,2104
5490,2105
5491,2109
5492,2108
5493,2104
5494,2104
5495,2105
5496,2107
5497,2120
5498,2108
5499,2108
5500,2108
5501,2114
5502,2104
5503,2110
5504,2107
5505,2108
5506,2103
5507,2104
5508,2107
5509,2114
5510,2106
5511,2107
5512,2107
5513,2112
5514,2114
5515,2109
5516,2108
5517,2107
5518,2110
5519,2111
5520,2107
5521,2108
5522,2108
5523,2108
5524,2102
5525,2104
5526,2105
5527,2108
5528,2108
5529,2097
5530,2074
5531,2107
5532,2106
5533,2106
5534,2106
5535,2108
5536,2111
5537,2108
5538,2108
5539,2107
5540,2110
5541,2105
5542,2107
5543,2104
5544,2109
5545,2109
5546,2106
5547,2113
5548,2114
5549,2107
5550,2102
5551,2108
5552,2112
5553,2109
5554,2114
5555,2111
5556,2108
5557,2108
5558,2110
5559,2112
5560,2106
5561,2103
5562,2106
5563,2108
5564,2106
5565,2106
5566,2117
5567,2108
5568,2106
5569,2109
5570,2114
5571,2108
5572,2110
5573,2112
5574,2111
5575,2096
5576,2110
5577,2108
5578,2106
5579,2108
5580,2109
5581,2112
5582,2109
5583,2114
5584,2106
5585,2107
5586,2109
5587,2109
5588,2106
5589,2110
5590,2107
5591,2108
5592,2108
5593,2106
5594,2092
5595,2108
5596,2106
5597,2113
5598,2105
5599,2105
5600,2110
5601,2114
5602,2108
5603,2112
5604,2104
5605,2108
5606,2104
5607,2108
5608,2109
5609,2111
5610,2109
5611,2107
5612,2109
5613,2104
5614,2110
5615,2105
5616,2104
5617,2105
5618,2110
5619,2110
5620,2102
5621,2101
5622,2107
5623,2108
5624,2108
5625,2106
5626,2105
5627,2108
5628,2109
5629,2107
5630,2109
5631,2106
5632,2108
5633,2105
5634,2106
5635,2131
5636,2095
5637,2103
5638,2111
5639,2105
5640,2110
5641,2106
5642,2106
5643,2108
5644,2109
5645,2110
5646,2111
5647,2093
5648,2104
5649,2108
5650,2104
5651,2106
5652,2113
5653,2116
5654,2109
5655,2107
5656,2112
5657,2107
5658,2107
5659,2110
5660,2112
5661,2106
5662,2109
5663,2110
5664,2116
5665,2108
5666,2109
5667,2105
5668,2106
5669,2110
5670,2104
5671,2110
5672,2111
5673,2105
5674,2105
5675,2108
5676,2108
5677,2113
5678,2109
5679,2107
5680,2108
5681,2105
5682,2107
5683,2109
5684,2108
5685,2106
5686,2108
5687,2109
5688,2110
5689,2113
5690,2107
5691,2096
5692,2111
5693,2110
5694,2106
5695,2110
5696,2108
5697,2107
5698,2109
5699,2110
5700,2114
5701,2107
5702,2104
5703,2106
5704,2109
5705,2094
5706,2105
5707,2108
5708,2108
5709,2114
5710,2108
5711,2105
5712,2108
5713,2110
5714,2111
5715,2106
5716,2108
5717,2105
5718,2106
5719,2104
5720,2107
5721,2112
5722,2108
5723,2114
5724,2126
5725,2107
5726,2106
5727,2103
5728,2107
5729,2108
5730,2109
5731,2110
5732,2108
5733,2107
5734,2110
5735,2111
5736,2105
5737,2105
5738,2110
5739,2110
5740,2113
5741,2100
5742,2115
5743,2108
5744,2119
5745,2108
5746,2108
5747,2109
5748,2111
5749,2109
5750,2109
5751,2116
5752,2109
5753,2117
5754,2106
5755,2113
5756,2109
5757,2106
5758,2115
5759,2112
5760,2104
5761,2108
5762,2112
5763,2107
5764,2109
5765,2108
5766,2110
5767,2109
5768,2109
5769,2113
5770,2108
5771,2105
5772,2107
5773,2108
5774,2111
5775,2103
5776,2105
5777,2120
5778,2108
5779,2108
5780,2109
5781,2109
5782,2109
5783,2106
5784,2110
5785,2108
5786,2110
5787,2105
5788,2108
5789,2108
5790,2106
5791,2106
5792,2107
5793,2108
5794,2109
5795,2119
5796,2108
5797,2137
5798,2111
5799,2109
5800,2110
5801,2108
5802,2107
5803,2109
5804,2110
5805,2105
5806,2110
5807,2110
5808,2104
5809,2112
5810,2102
5811,2120
5812,2105
5813,2103
5814,2107
5815,2109
5816,2110
5817,2104
5818,2107
5819,2108
5820,2105
5821,2108
5822,2107
5823,2108
5824,2105
5825,2114
5826,2108
5827,2117
5828,2111
5829,2112
5830,2126
5831,2105
5832,2108
5833,2109
5834,2112
5835,2109
5836,2115
5837,2109
5838,2107
5839,2114
5840,2108
5841,2108
5842,2105
5843,2094
5844,2103
5845,2106
5846,2108
5847,2104
5848,2105
5849,2106
5850,2099
5851,2105
5852,2108
5853,2111
5854,2110
5855,2108
5856,2110
5857,2108
5858,2106
5859,2106
5860,2107
5861,2107
5862,2104
5863,2108
5864,2108
5865,2108
5866,2110
5867,2105
5868,2104
5869,2114
5870,2110
5871,2100
5872,2109
5873,2104
5874,2103
5875,2110
5876,2109
5877,2105
5878,2108
5879,2108
5880,2104
5881,2108
5882,2110
5883,2117
5884,2108
5885,2110
5886,2112
5887,2107
5888,2109
5889,2109
5890,2112
5891,2108
5892,2104
5893,2109
5894,2103
5895,2107
5896,2108
5897,2112
5898,2109
5899,2108
5900,2107
5901,2102
5902,2109
5903,2102
5904,2109
5905,2109
5906,2111
5907,2108
5908,2108
5909,2108
5910,2105
5911,2109
5912,2125
5913,2109
5914,2110
5915,2106
5916,2107
5917,2111
5918,2106
5919,2116
5920,2105
5921,2110
5922,2110
5923,2112
5924,2109
5925,2110
5926,2110
5927,2107
5928,2108
5929,2109
5930,2106
5931,2105
5932,2107
5933,2107
5934,2105
5935,2110
5936,2092
5937,2108
5938,2087
5939,2110
5940,2108
5941,2107
5942,2105
5943,2114
5944,2109
5945,2108
5946,2109
5947,2096
5948,2109
5949,2108
5950,2109
5951,2106
5952,2106
5953,2107
5954,2111
5955,2110
5956,2110
5957,2108
5958,2111
5959,2110
5960,2112
5961,2108
5962,2104
5963,2105
5964,2105
5965,2108
5966,2107
5967,2107
5968,2107
5969,2110
5970,2108
5971,2108
5972,2106
5973,2105
5974,2106
5975,2109
5976,2113
5977,2108
5978,2111
5979,2107
5980,2108
5981,2117
5982,2114
5983,2108
5984,2104
5985,2106
5986,2109
5987,2116
5988,2108
5989,2100
5990,2108
5991,2104
5992,2110
5993,2110
5994,2105
5995,2107
5996,2109
5997,2109
5998,2110
5999,2105

