
0,2100
1,2100
2,2100
3,2100
4,2103
5,2100
6,2102
7,2108
8,2108
9,2101
10,2101
11,2102
12,2108
13,2102
14,2097
15,2101
16,2103
17,2100
18,2104
19,2104
20,2104
21,2101
22,2104
23,2103
24,2107
25,2103
26,2104
27,2104
28,2105
29,2106
30,2103
31,2104
32,2104
33,2102
34,2097
35,2104
36,2102
37,2104
38,2105
39,2105
40,2107
41,2113
42,2105
43,2117
44,2105
45,2112
46,2107
47,2104
48,2104
49,2105
50,2106
51,2105
52,2105
53,2104
54,2106
55,2106
56,2105
57,2108
58,2113
59,2107
60,2108
61,2104
62,2106
63,2107
64,2107
65,2105
66,2105
67,2105
68,2109
69,2105
70,2108
71,2107
72,2108
73,2107
74,2109
75,2100
76,2110
77,2101
78,2116
79,2114
80,2105
81,2107
82,2108
83,2109
84,2106
85,2104
86,2107
87,2102
88,2107
89,2105
90,2117
91,2106
92,2108
93,2110
94,2110
95,2104
96,2071
97,2106
98,2111
99,2106
100,2106
101,2112
102,2108
103,2105
104,2107
105,2106
106,2106
107,2107
108,2097
109,2108
110,2107
111,2107
112,2110
113,2112
114,2114
115,2106
116,2108
117,2108
118,2108
119,2106
120,2107
121,2112
122,2105
123,2106
124,2109
125,2107
126,2106
127,2108
128,2112
129,2108
130,2107
131,2113
132,2113
133,2111
134,2107
135,2105
136,2099
137,2108
138,2107
139,2106
140,2103
141,2107
142,2109
143,2111
144,2110
145,2106
146,2110
147,2105
148,2108
149,2102
150,2109
151,2105
152,2110
153,2105
154,2108
155,2105
156,2106
157,2105
158,2110
159,2105
160,2105
161,2105
162,2109
163,2107
164,2108
165,2108
166,2103
167,2110
168,2108
169,2106
170,2144
171,2107
172,2108
173,2107
174,2108
175,2118
176,2106
177,2104
178,2108
179,2106
180,2107
181,2108
182,2108
183,2105
184,2108
185,2106
186,2108
187,2108
188,2110
189,2109
190,2106
191,2107
192,2108
193,2105
194,2106
195,2107
196,2107
197,2106
198,2086
199,2104
200,2111
201,2107
202,2115
203,2105
204,2107
205,2105
206,2105
207,2106
208,2107
209,2107
210,2104
211,2110
212,2102
213,2106
214,2104
215,2106
216,2106
217,2107
218,2108
219,2107
220,2108
221,2106
222,2107
223,2106
224,2107
225,2105
226,2104
227,2105
228,2104
229,2090
230,2102
231,2105
232,2108
233,2108
234,2111
235,2113
236,2105
237,2104
238,2109
239,2108
240,2121
241,2112
242,2114
243,2107
244,2108
245,2107
246,2110
247,2106
248,2106
249,2107
250,2108
251,2107
252,2109
253,2113
254,2106
255,2113
256,2111
257,2110
258,2117
259,2105
260,2105
261,2106
262,2107
263,2105
264,2106
265,2106
266,2106
267,2107
268,2107
269,2108
270,2106
271,2105
272,2111
273,2111
274,2111
275,2099
276,2106
277,2104
278,2106
279,2105
280,2107
281,2111
282,2105
283,2106
284,2108
285,2108
286,2110
287,2114
288,2111
289,2104
290,2123
291,2108
292,2110
293,2106
294,2106
295,2107
296,2105
297,2107
298,2108
299,2107
300,2108
301,2105
302,2105
303,2105
304,2106
305,2113
306,2108
307,2110
308,2108
309,2095
310,2107
311,2106
312,2108
313,2104
314,2107
315,2108
316,2103
317,2106
318,2108
319,2111
320,2105
321,2111
322,2108
323,2106
324,2108
325,2093
326,2111
327,2107
328,2106
329,2108
330,2124
331,2110
332,2107
333,2106
334,2106
335,2106
336,2100
337,2108
338,2105
339,2110
340,2110
341,2106
342,2104
343,2093
344,2108
345,2108
346,2109
347,2109
348,2108
349,2106
350,2105
351,2106
352,2105
353,2105
354,2106
355,2107
356,2106
357,2108
358,2109
359,2108
360,2107
361,2105
362,2109
363,2108
364,2105
365,2108
366,2106
367,2105
368,2106
369,2109
370,2106
371,2108
372,2108
373,2108
374,2107
375,2115
376,2104
377,2115
378,2119
379,2099
380,2110
381,2106
382,2115
383,2104
384,2106
385,2102
386,2107
387,2105
388,2107
389,2108
390,2108
391,2104
392,2108
393,2110
394,2106
395,2101
396,2057
397,2107
398,2110
399,2105
400,2105
401,2106
402,2106
403,2105
404,2106
405,2073
406,2107
407,2107
408,2107
409,2104
410,2106
411,2113
412,2109
413,2104
414,2110
415,2108
416,2110
417,2107
418,2108
419,2108
420,2106
421,2108
422,2105
423,2104
424,2105
425,2105
426,2107
427,2108
428,2107
429,2113
430,2109
431,2118
432,2108
433,2107
434,2108
435,2105
436,2105
437,2105
438,2108
439,2108
440,2103
441,2107
442,2106
443,2108
444,2112
445,2104
446,2107
447,2108
448,2136
449,2076
450,2111
451,2105
452,2106
453,2107
454,2108
455,2106
456,2108
457,2115
458,2113
459,2106
460,2107
461,2106
462,2107
463,2107
464,2109
465,2110
466,2114
467,2101
468,2108
469,2109
470,2108
471,2107
472,2100
473,2109
474,2105
475,2123
476,2108
477,2106
478,2107
479,2105
480,2108
481,2116
482,2110
483,2107
484,2101
485,2109
486,2111
487,2109
488,2103
489,2105
490,2108
491,2106
492,2111
493,2099
494,2106
495,2107
496,2108
497,2108
498,2107
499,2107
500,2110
501,2116
502,2116
503,2108
504,2112
505,2110
506,2106
507,2105
508,2107
509,2104
510,2106
511,2106
512,2107
513,2106
514,2109
515,2108
516,2108
517,2108
518,2120
519,2116
520,2111
521,2110
522,2108
523,2108
524,2104
525,2107
526,2108
527,2109
528,2100
529,2110
530,2105
531,2110
532,2106
533,2108
534,2105
535,2112
536,2107
537,2105
538,2109
539,2108
540,2109
541,2107
542,2106
543,2108
544,2108
545,2107
546,2111
547,2105
548,2105
549,2108
550,2109
551,2105
552,2108
553,2112
554,2103
555,2114
556,2110
557,2105
558,2108
559,2106
560,2096
561,2106
562,2105
563,2109
564,2108
565,2107
566,2105
567,2106
568,2111
569,2107
570,2100
571,2092
572,2074
573,2106
574,2106
575,2097
576,2109
577,2105
578,2108
579,2107
580,2108
581,2098
582,2106
583,2108
584,2107
585,2108
586,2109
587,2116
588,2097
589,2112
590,2073
591,2105
592,2109
593,2108
594,2108
595,2108
596,2105
597,2112
598,2107
599,2102
600,2110
601,2104
602,2108
603,2108
604,2108
605,2110
606,2111
607,2098
608,2107
609,2107
610,2112
611,2110
612,2106
613,2103
614,2106
615,2105
616,2106
617,2107
618,2107
619,2106
620,2108
621,2110
622,2108
623,2108
624,2116
625,2092
626,2111
627,2109
628,2110
629,2108
630,2107
631,2107
632,2105
633,2107
634,2108
635,2105
636,2103
637,2104
638,2107
639,2107
640,2109
641,2108
642,2111
643,2109
644,2106
645,2108
646,2114
647,2110
648,2106
649,2105
650,2105
651,2105
652,2105
653,2108
654,2110
655,2107
656,2106
657,2117
658,2110
659,2099
660,2109
661,2116
662,2107
663,2108
664,2105
665,2106
666,2107
667,2106
668,2106
669,2107
670,2119
671,2104
672,2107
673,2105
674,2105
675,2111
676,2108
677,2128
678,2123
679,2110
680,2105
681,2109
682,2102
683,2108
684,2106
685,2106
686,2107
687,2108
688,2108
689,2108
690,2108
691,2108
692,2109
693,2103
694,2105
695,2120
696,2119
697,2108
698,2106
699,2110
700,2107
701,2110
702,2107
703,2102
704,2105
705,2104
706,2106
707,2107
708,2105
709,2107
710,2108
711,2108
712,2108
713,2107
714,2111
715,2108
716,2098
717,2105
718,2109
719,2108
720,2107
721,2109
722,2136
723,2111
724,2108
725,2107
726,2111
727,2120
728,2111
729,2106
730,2097
731,2122
732,2108
733,2109
734,2107
735,2109
736,2108
737,2108
738,2110
739,2108
740,2102
741,2108
742,2108
743,2110
744,2109
745,2110
746,2110
747,2105
748,2104
749,2090
750,2108
751,2108
752,2108
753,2111
754,2108
755,2106
756,2106
757,2106
758,2106
759,2108
760,2108
761,2109
762,2112
763,2111
764,2110
765,2112
766,2109
767,2101
768,2109
769,2106
770,2110
771,2108
772,2106
773,2107
774,2107
775,2128
776,2109
777,2108
778,2104
779,2110
780,2107
781,2111
782,2110
783,2107
784,2099
785,2107
786,2109
787,2108
788,2106
789,2105
790,2099
791,2108
792,2106
793,2104
794,2108
795,2108
796,2116
797,2111
798,2109
799,2112
800,2110
801,2122
802,2108
803,2108
804,2107
805,2106
806,2107
807,2108
808,2108
809,2106
810,2109
811,2107
812,2105
813,2110
814,2109
815,2108
816,2108
817,2108
818,2106
819,2098
820,2108
821,2108
822,2109
823,2109
824,2106
825,2108
826,2110
827,2107
828,2098
829,2107
830,2105
831,2106
832,2108
833,2104
834,2113
835,2112
836,2110
837,2104
838,2111
839,2113
840,2098
841,2104
842,2105
843,2107
844,2106
845,2105
846,2109
847,2105
848,2106
849,2108
850,2109
851,2109
852,2114
853,2114
854,2111
855,2112
856,2108
857,2105
858,2109
859,2107
860,2108
861,2106
862,2105
863,2095
864,2103
865,2108
866,2107
867,2108
868,2108
869,2108
870,2106
871,2083
872,2087
873,2108
874,2108
875,2110
876,2106
877,2102
878,2102
879,2108
880,2107
881,2098
882,2107
883,2106
884,2110
885,2106
886,2108
887,2114
888,2109
889,2112
890,2040
891,2108
892,2111
893,2108
894,2108
895,2105
896,2105
897,2106
898,2107
899,2107
900,2106
901,2110
902,2105
903,2106
904,2106
905,2104
906,2105
907,2117
908,2112
909,2109
910,2108
911,2107
912,2110
913,2106
914,2108
915,2107
916,2106
917,2101
918,2108
919,2110
920,2108
921,2111
922,2110
923,2105
924,2108
925,2103
926,2107
927,2112
928,2107
929,2107
930,2112
931,2106
932,2106
933,2106
934,2112
935,2084
936,2108
937,2112
938,2110
939,2111
940,2110
941,2110
942,2106
943,2075
944,2108
945,2108
946,2108
947,2110
948,2106
949,2105
950,2108
951,2107
952,2108
953,2111
954,2106
955,2104
956,2104
957,2108
958,2111
959,2112
960,2105
961,2105
962,2108
963,2109
964,2110
965,2106
966,2105
967,2105
968,2105
969,2105
970,2105
971,2106
972,2107
973,2105
974,2095
975,2112
976,2110
977,2132
978,2116
979,2110
980,2111
981,2104
982,2108
983,2106
984,2103
985,2101
986,2108
987,2114
988,2114
989,2104
990,2107
991,2109
992,2105
993,2110
994,2105
995,2103
996,2150
997,2112
998,2109
999,2106
1000,2107
1001,2107
1002,2106
1003,2105
1004,2110
1005,2100
1006,2108
1007,2104
1008,2114
1009,2110
1010,2105
1011,2108
1012,2109
1013,2108
1014,2110
1015,2106
1016,2108
1017,2105
1018,2105
1019,2105
1020,2109
1021,2104
1022,2102
1023,2104
1024,2107
1025,2107
1026,2106
1027,2106
1028,2105
1029,2107
1030,2100
1031,2117
1032,2107
1033,2106
1034,2109
1035,2108
1036,2109
1037,2106
1038,2108
1039,2104
1040,2109
1041,2106
1042,2111
1043,2108
1044,2108
1045,2108
1046,2109
1047,2109
1048,2111
1049,2090
1050,2109
1051,2106
1052,2108
1053,2108
1054,2107
1055,2111
1056,2106
1057,2107
1058,2105
1059,2110
1060,2107
1061,2111
1062,2107
1063,2106
1064,2107
1065,2104
1066,2104
1067,2111
1068,2109
1069,2108
1070,2106
1071,2105
1072,2106
1073,2108
1074,2118
1075,2115
1076,2106
1077,2103
1078,2108
1079,2106
1080,2110
1081,2105
1082,2105
1083,2110
1084,2099
1085,2104
1086,2108
1087,2107
1088,2105
1089,2108
1090,2108
1091,2107
1092,2108
1093,2104
1094,2108
1095,2105
1096,2108
1097,2108
1098,2108
1099,2108
1100,2108
1101,2123
1102,2110
1103,2108
1104,2108
1105,2110
1106,2110
1107,2107
1108,2108
1109,2107
1110,2105
1111,2106
1112,2106
1113,2106
1114,2111
1115,2107
1116,2110
1117,2109
1118,2104
1119,2094
1120,2106
1121,2102
1122,2108
1123,2105
1124,2107
1125,2107
1126,2105
1127,2107
1128,2111
1129,2109
1130,2107
1131,2107
1132,2109
1133,2108
1134,2114
1135,2111
1136,2108
1137,2105
1138,2110
1139,2105
1140,2106
1141,2105
1142,2105
1143,2073
1144,2105
1145,2105
1146,2108
1147,2105
1148,2107
1149,2106
1150,2108
1151,2108
1152,2113
1153,2110
1154,2104
1155,2113
1156,2111
1157,2108
1158,2106
1159,2106
1160,2106
1161,2109
1162,2106
1163,2108
1164,2109
1165,2106
1166,2105
1167,2109
1168,2107
1169,2108
1170,2106
1171,2085
1172,2124
1173,2110
1174,2104
1175,2108
1176,2108
1177,2105
1178,2108
1179,2105
1180,2108
1181,2100
1182,2109
1183,2109
1184,2107
1185,2108
1186,2108
1187,2111
1188,2111
1189,2112
1190,2076
1191,2108
1192,2106
1193,2109
1194,2110
1195,2102
1196,2100
1197,2107
1198,2106
1199,2107
1200,2105
1201,2105
1202,2105
1203,2106
1204,2108
1205,2110
1206,2113
1207,2099
1208,2108
1209,2115
1210,2108
1211,2106
1212,2109
1213,2112
1214,2112
1215,2109
1216,2108
1217,2108
1218,2107
1219,2109
1220,2109
1221,2108
1222,2104
1223,2104
1224,2108
1225,2107
1226,2124
1227,2107
1228,2113
1229,2108
1230,2108
1231,2108
1232,2108
1233,2107
1234,2118
1235,2113
1236,2111
1237,2102
1238,2108
1239,2107
1240,2113
1241,2108
1242,2111
1243,2080
1244,2110
1245,2105
1246,2105
1247,2108
1248,2110
1249,2106
1250,2105
1251,2105
1252,2108
1253,2108
1254,2108
1255,2108
1256,2109
1257,2108
1258,2113
1259,2110
1260,2110
1261,2130
1262,2102
1263,2108
1264,2107
1265,2107
1266,2107
1267,2106
1268,2107
1269,2113
1270,2108
1271,2109
1272,2108
1273,2116
1274,2109
1275,2108
1276,2108
1277,2133
1278,2122
1279,2112
1280,2109
1281,2108
1282,2104
1283,2098
1284,2106
1285,2106
1286,2105
1287,2110
1288,2106
1289,2104
1290,2108
1291,2104
1292,2103
1293,2106
1294,2109
1295,2122
1296,2142
1297,2105
1298,2106
1299,2109
1300,2105
1301,2099
1302,2110
1303,2103
1304,2105
1305,2106
1306,2104
1307,2114
1308,2104
1309,2108
1310,2110
1311,2105
1312,2109
1313,2108
1314,2113
1315,2108
1316,2116
1317,2108
1318,2113
1319,2107
1320,2108
1321,2104
1322,2094
1323,2105
1324,2106
1325,2107
1326,2108
1327,2107
1328,2110
1329,2116
1330,2109
1331,2116
1332,2109
1333,2112
1334,2110
1335,2106
1336,2109
1337,2106
1338,2107
1339,2105
1340,2103
1341,2108
1342,2108
1343,2106
1344,2103
1345,2106
1346,2108
1347,2109
1348,2110
1349,2109
1350,2105
1351,2108
1352,2132
1353,2104
1354,2108
1355,2106
1356,2108
1357,2106
1358,2106
1359,2105
1360,2103
1361,2108
1362,2114
1363,2097
1364,2108
1365,2109
1366,2111
1367,2102
1368,2104
1369,2112
1370,2108
1371,2106
1372,2105
1373,2105
1374,2106
1375,2110
1376,2110
1377,2107
1378,2107
1379,2107
1380,2109
1381,2108
1382,2106
1383,2102
1384,2105
1385,2108
1386,2109
1387,2107
1388,2104
1389,2111
1390,2109
1391,2104
1392,2103
1393,2108
1394,2108
1395,2110
1396,2105
1397,2106
1398,2106
1399,2108
1400,2108
1401,2122
1402,2104
1403,2108
1404,2103
1405,2110
1406,2106
1407,2108
1408,2105
1409,2108
1410,2111
1411,2105
1412,2105
1413,2107
1414,2108
1415,2108
1416,2112
1417,2110
1418,2106
1419,2124
1420,2108
1421,2127
1422,2123
1423,2107
1424,2101
1425,2112
1426,2109
1427,2108
1428,2098
1429,2108
1430,2103
1431,2107
1432,2108
1433,2107
1434,2113
1435,2109
1436,2110
1437,2117
1438,2110
1439,2104
1440,2106
1441,2107
1442,2108
1443,2106
1444,2108
1445,2106
1446,2105
1447,2107
1448,2107
1449,2106
1450,2109
1451,2109
1452,2112
1453,2107
1454,2103
1455,2106
1456,2111
1457,2111
1458,2110
1459,2105
1460,2109
1461,2108
1462,2105
1463,2106
1464,2108
1465,2108
1466,2108
1467,2109
1468,2110
1469,2107
1470,2110
1471,2121
1472,2115
1473,2112
1474,2109
1475,2106
1476,2109
1477,2106
1478,2110
1479,2110
1480,2104
1481,2098
1482,2094
1483,2104
1484,2107
1485,2105
1486,2107
1487,2110
1488,2109
1489,2110
1490,2035
1491,2088
1492,2110
1493,2108
1494,2108
1495,2110
1496,2106
1497,2105
1498,2107
1499,2108
1500,2108
1501,2104
1502,2107
1503,2108
1504,2110
1505,2109
1506,2114
1507,2103
1508,2108
1509,2110
1510,2108
1511,2105
1512,2107
1513,2107
1514,2106
1515,2108
1516,2106
1517,2109
1518,2108
1519,2107
1520,2108
1521,2107
1522,2108
1523,2108
1524,2117
1525,2112
1526,2111
1527,2108
1528,2106
1529,2109
1530,2108
1531,2105
1532,2106
1533,2106
1534,2110
1535,2105
1536,2107
1537,2105
1538,2114
1539,2107
1540,2113
1541,2108
1542,2108
1543,2102
1544,2109
1545,2110
1546,2109
1547,2109
1548,2108
1549,2106
1550,2104
1551,2108
1552,2110
1553,2108
1554,2108
1555,2103
1556,2105
1557,2107
1558,2110
1559,2112
1560,2127
1561,2105
1562,2110
1563,2108
1564,2108
1565,2108
1566,2106
1567,2107
1568,2108
1569,2102
1570,2100
1571,2108
1572,2110
1573,2110
1574,2106
1575,2112
1576,2111
1577,2094
1578,2116
1579,2105
1580,2110
1581,2108
1582,2108
1583,2106
1584,2105
1585,2112
1586,2106
1587,2108
1588,2108
1589,2105
1590,2105
1591,2107
1592,2112
1593,2111
1594,2109
1595,2101
1596,2058
1597,2107
1598,2110
1599,2111
1600,2104
1601,2108
1602,2108
1603,2100
1604,2109
1605,2109
1606,2107
1607,2109
1608,2108
1609,2108
1610,2107
1611,2108
1612,2112
1613,2111
1614,2102
1615,2104
1616,2108
1617,2106
1618,2108
1619,2109
1620,2110
1621,2104
1622,2094
1623,2105
1624,2108
1625,2106
1626,2112
1627,2106
1628,2114
1629,2126
1630,2114
1631,2113
1632,2109
1633,2110
1634,2107
1635,2108
1636,2106
1637,2106
1638,2106
1639,2105
1640,2108
1641,2111
1642,2110
1643,2106
1644,2107
1645,2111
1646,2108
1647,2123
1648,2108
1649,2086
1650,2111
1651,2105
1652,2106
1653,2106
1654,2108
1655,2107
1656,2109
1657,2111
1658,2108
1659,2108
1660,2109
1661,2104
1662,2108
1663,2108
1664,2107
1665,2109
1666,2099
1667,2114
1668,2107
1669,2110
1670,2108
1671,2113
1672,2105
1673,2109
1674,2106
1675,2109
1676,2108
1677,2108
1678,2108
1679,2106
1680,2110
1681,2104
1682,2113
1683,2110
1684,2110
1685,2108
1686,2106
1687,2109
1688,2110
1689,2107
1690,2108
1691,2109
1692,2106
1693,2112
1694,2108
1695,2103
1696,2111
1697,2109
1698,2109
1699,2113
1700,2110
1701,2111
1702,2103
1703,2110
1704,2107
1705,2109
1706,2105
1707,2106
1708,2105
1709,2105
1710,2107
1711,2104
1712,2105
1713,2106
1714,2108
1715,2112
1716,2110
1717,2107
1718,2105
1719,2145
1720,2100
1721,2111
1722,2106
1723,2105
1724,2104
1725,2106
1726,2107
1727,2105
1728,2101
1729,2106
1730,2108
1731,2108
1732,2104
1733,2105
1734,2112
1735,2113
1736,2111
1737,2110
1738,2109
1739,2110
1740,2108
1741,2105
1742,2108
1743,2104
1744,2110
1745,2110
1746,2094
1747,2105
1748,2111
1749,2108
1750,2108
1751,2108
1752,2111
1753,2105
1754,2111
1755,2108
1756,2108
1757,2119
1758,2109
1759,2106
1760,2108
1761,2107
1762,2108
1763,2108
1764,2109
1765,2111
1766,2106
1767,2101
1768,2086
1769,2113
1770,2108
1771,2104
1772,2120
1773,2112
1774,2109
1775,2109
1776,2108
1777,2104
1778,2117
1779,2110
1780,2108
1781,2100
1782,2108
1783,2105
1784,2109
1785,2108
1786,2108
1787,2108
1788,2111
1789,2110
1790,2037
1791,2108
1792,2105
1793,2108
1794,2109
1795,2104
1796,2108
1797,2108
1798,2105
1799,2104
1800,2110
1801,2104
1802,2106
1803,2107
1804,2109
1805,2108
1806,2112
1807,2117
1808,2114
1809,2106
1810,2112
1811,2108
1812,2107
1813,2098
1814,2107
1815,2110
1816,2108
1817,2106
1818,2107
1819,2107
1820,2110
1821,2108
1822,2110
1823,2104
1824,2113
1825,2123
1826,2111
1827,2106
1828,2109
1829,2108
1830,2103
1831,2106
1832,2104
1833,2105
1834,2105
1835,2107
1836,2108
1837,2137
1838,2094
1839,2111
1840,2111
1841,2109
1842,2106
1843,2100
1844,2107
1845,2108
1846,2106
1847,2103
1848,2110
1849,2104
1850,2106
1851,2106
1852,2115
1853,2107
1854,2102
1855,2104
1856,2107
1857,2108
1858,2108
1859,2112
1860,2108
1861,2112
1862,2108
1863,2108
1864,2110
1865,2108
1866,2108
1867,2107
1868,2110
1869,2059
1870,2108
1871,2108
1872,2110
1873,2106
1874,2108
1875,2102
1876,2105
1877,2109
1878,2097
1879,2108
1880,2115
1881,2104
1882,2106
1883,2103
1884,2106
1885,2105
1886,2105
1887,2106
1888,2108
1889,2107
1890,2108
1891,2105
1892,2108
1893,2110
1894,2113
1895,2123
1896,2141
1897,2101
1898,2107
1899,2111
1900,2106
1901,2106
1902,2106
1903,2105
1904,2105
1905,2109
1906,2102
1907,2102
1908,2110
1909,2108
1910,2103
1911,2109
1912,2109
1913,2107
1914,2115
1915,2108
1916,2108
1917,2110
1918,2106
1919,2108
1920,2111
1921,2105
1922,2104
1923,2106
1924,2107
1925,2105
1926,2113
1927,2108
1928,2112
1929,2107
1930,2105
1931,2105
1932,2112
1933,2107
1934,2109
1935,2106
1936,2108
1937,2108
1938,2109
1939,2105
1940,2111
1941,2109
1942,2109
1943,2102
1944,2108
1945,2107
1946,2110
1947,2107
1948,2106
1949,2108
1950,2110
1951,2107
1952,2106
1953,2105
1954,2109
1955,2108
1956,2108
1957,2104
1958,2106
1959,2105
1960,2108
1961,2112
1962,2108
1963,2109
1964,2110
1965,2108
1966,2111
1967,2112
1968,2111
1969,2105
1970,2108
1971,2104
1972,2110
1973,2105
1974,2108
1975,2095
1976,2122
1977,2106
1978,2109
1979,2108
1980,2109
1981,2107
1982,2111
1983,2108
1984,2125
1985,2108
1986,2110
1987,2108
1988,2105
1989,2104
1990,2107
1991,2103
1992,2102
1993,2110
1994,2103
1995,2107
1996,2108
1997,2106
1998,2100
1999,2105
2000,2110
2001,2122
2002,2107
2003,2108
2004,2106
2005,2105
2006,2106
2007,2106
2008,2113
2009,2103
2010,2106
2011,2108
2012,2107
2013,2108
2014,2110
2015,2106
2016,2108
2017,2104
2018,2108
2019,2033
2020,2107
2021,2108
2022,2108
2023,2105
2024,2108
2025,2105
2026,2112
2027,2096
2028,2112
2029,2112
2030,2107
2031,2108
2032,2108
2033,2107
2034,2109
2035,2107
2036,2108
2037,2112
2038,2108
2039,2106
2040,2108
2041,2123
2042,2110
2043,2104
2044,2107
2045,2094
2046,2112
2047,2116
2048,2103
2049,2105
2050,2108
2051,2109
2052,2114
2053,2108
2054,2107
2055,2109
2056,2108
2057,2110
2058,2109
2059,2108
2060,2107
2061,2108
2062,2108
2063,2107
2064,2107
2065,2107
2066,2107
2067,2104
2068,2108
2069,2113
2070,2116
2071,2110
2072,2126
2073,2107
2074,2112
2075,2107
2076,2108
2077,2107
2078,2106
2079,2107
2080,2108
2081,2108
2082,2110
2083,2108
2084,2107
2085,2109
2086,2107
2087,2101
2088,2111
2089,2110
2090,2078
2091,2108
2092,2105
2093,2111
2094,2106
2095,2105
2096,2112
2097,2106
2098,2106
2099,2118
2100,2105
2101,2106
2102,2108
2103,2108
2104,2113
2105,2104
2106,2111
2107,2110
2108,2101
2109,2111
2110,2111
2111,2109
2112,2109
2113,2106
2114,2090
2115,2105
2116,2110
2117,2107
2118,2106
2119,2107
2120,2110
2121,2107
2122,2105
2123,2110
2124,2107
2125,2127
2126,2108
2127,2108
2128,2109
2129,2108
2130,2108
2131,2107
2132,2108
2133,2108
2134,2106
2135,2108
2136,2107
2137,2108
2138,2111
2139,2109
2140,2110
2141,2107
2142,2116
2143,2132
2144,2106
2145,2108
2146,2111
2147,2105
2148,2106
2149,2107
2150,2102
2151,2103
2152,2112
2153,2109
2154,2106
2155,2103
2156,2121
2157,2109
2158,2112
2159,2111
2160,2110
2161,2113
2162,2106
2163,2109
2164,2108
2165,2110
2166,2104
2167,2110
2168,2106
2169,2138
2170,2106
2171,2105
2172,2115
2173,2105
2174,2108
2175,2102
2176,2108
2177,2100
2178,2097
2179,2111
2180,2110
2181,2104
2182,2106
2183,2124
2184,2106
2185,2105
2186,2111
2187,2098
2188,2107
2189,2104
2190,2108
2191,2107
2192,2104
2193,2103
2194,2111
2195,2109
2196,2087
2197,2108
2198,2108
2199,2109
2200,2104
2201,2107
2202,2108
2203,2105
2204,2103
2205,2117
2206,2108
2207,2101
2208,2108
2209,2111
2210,2108
2211,2107
2212,2110
2213,2110
2214,2112
2215,2105
2216,2111
2217,2108
2218,2104
2219,2107
2220,2108
2221,2106
2222,2094
2223,2104
2224,2106
2225,2109
2226,2105
2227,2108
2228,2113
2229,2108
2230,2105
2231,2095
2232,2112
2233,2108
2234,2107
2235,2108
2236,2106
2237,2108
2238,2107
2239,2105
2240,2116
2241,2104
2242,2105
2243,2110
2244,2110
2245,2106
2246,2109
2247,2111
2248,2111
2249,2124
2250,2109
2251,2108
2252,2108
2253,2099
2254,2112
2255,2110
2256,2109
2257,2105
2258,2105
2259,2108
2260,2109
2261,2107
2262,2108
2263,2107
2264,2111
2265,2108
2266,2104
2267,2114
2268,2109
2269,2105
2270,2111
2271,2108
2272,2104
2273,2107
2274,2105
2275,2086
2276,2108
2277,2105
2278,2106
2279,2108
2280,2109
2281,2104
2282,2118
2283,2108
2284,2108
2285,2105
2286,2111
2287,2106
2288,2110
2289,2104
2290,2106
2291,2105
2292,2106
2293,2108
2294,2107
2295,2108
2296,2111
2297,2111
2298,2105
2299,2122
2300,2107
2301,2104
2302,2107
2303,2107
2304,2109
2305,2113
2306,2105
2307,2109
2308,2107
2309,2105
2310,2107
2311,2112
2312,2105
2313,2107
2314,2109
2315,2104
2316,2110
2317,2108
2318,2109
2319,2052
2320,2106
2321,2107
2322,2114
2323,2100
2324,2107
2325,2108
2326,2113
2327,2105
2328,2115
2329,2105
2330,2107
2331,2108
2332,2108
2333,2107
2334,2112
2335,2105
2336,2112
2337,2111
2338,2108
2339,2106
2340,2107
2341,2110
2342,2112
2343,2105
2344,2103
2345,2108
2346,2104
2347,2106
2348,2108
2349,2111
2350,2110
2351,2107
2352,2108
2353,2103
2354,2112
2355,2107
2356,2118
2357,2109
2358,2107
2359,2103
2360,2107
2361,2105
2362,2107
2363,2108
2364,2106
2365,2106
2366,2107
2367,2111
2368,2109
2369,2110
2370,2126
2371,2126
2372,2122
2373,2107
2374,2106
2375,2106
2376,2103
2377,2107
2378,2103
2379,2105
2380,2107
2381,2112
2382,2108
2383,2106
2384,2107
2385,2106
2386,2108
2387,2102
2388,2108
2389,2111
2390,2055
2391,2108
2392,2100
2393,2105
2394,2107
2395,2107
2396,2105
2397,2106
2398,2108
2399,2105
2400,2109
2401,2104
2402,2104
2403,2104
2404,2108
2405,2105
2406,2108
2407,2115
2408,2100
2409,2110
2410,2102
2411,2106
2412,2100
2413,2107
2414,2105
2415,2109
2416,2107
2417,2107
2418,2107
2419,2106
2420,2108
2421,2108
2422,2108
2423,2104
2424,2113
2425,2110
2426,2113
2427,2108
2428,2110
2429,2105
2430,2104
2431,2108
2432,2107
2433,2105
2434,2103
2435,2111
2436,2106
2437,2105
2438,2114
2439,2109
2440,2108
2441,2112
2442,2102
2443,2100
2444,2107
2445,2095
2446,2109
2447,2109
2448,2106
2449,2105
2450,2103
2451,2108
2452,2108
2453,2101
2454,2108
2455,2115
2456,2108
2457,2106
2458,2112
2459,2109
2460,2103
2461,2109
2462,2107
2463,2106
2464,2108
2465,2108
2466,2108
2467,2106
2468,2108
2469,2111
2470,2108
2471,2109
2472,2109
2473,2109
2474,2106
2475,2104
2476,2110
2477,2089
2478,2100
2479,2111
2480,2110
2481,2108
2482,2107
2483,2107
2484,2110
2485,2105
2486,2110
2487,2120
2488,2108
2489,2106
2490,2104
2491,2105
2492,2107
2493,2103
2494,2112
2495,2101
2496,2103
2497,2107
2498,2109
2499,2107
2500,2109
2501,2105
2502,2105
2503,2110
2504,2105
2505,2106
2506,2107
2507,2107
2508,2106
2509,2106
2510,2108
2511,2110
2512,2111
2513,2110
2514,2111
2515,2108
2516,2109
2517,2108
2518,2110
2519,2105
2520,2108
2521,2105
2522,2102
2523,2107
2524,2109
2525,2108
2526,2109
2527,2110
2528,2110
2529,2090
2530,2112
2531,2091
2532,2111
2533,2118
2534,2107
2535,2107
2536,2108
2537,2109
2538,2104
2539,2105
2540,2109
2541,2108
2542,2108
2543,2108
2544,2108
2545,2108
2546,2113
2547,2131
2548,2113
2549,2119
2550,2105
2551,2106
2552,2108
2553,2105
2554,2104
2555,2109
2556,2106
2557,2104
2558,2107
2559,2116
2560,2106
2561,2117
2562,2105
2563,2105
2564,2108
2565,2107
2566,2107
2567,2113
2568,2108
2569,2109
2570,2106
2571,2104
2572,2108
2573,2106
2574,2105
2575,2101
2576,2102
2577,2108
2578,2107
2579,2110
2580,2107
2581,2104
2582,2109
2583,2108
2584,2112
2585,2109
2586,2107
2587,2112
2588,2108
2589,2106
2590,2106
2591,2108
2592,2107
2593,2112
2594,2109
2595,2106
2596,2110
2597,2108
2598,2093
2599,2118
2600,2110
2601,2100
2602,2114
2603,2106
2604,2108
2605,2105
2606,2105
2607,2106
2608,2108
2609,2103
2610,2108
2611,2110
2612,2107
2613,2108
2614,2108
2615,2104
2616,2108
2617,2108
2618,2109
2619,2132
2620,2104
2621,2109
2622,2108
2623,2107
2624,2106
2625,2108
2626,2109
2627,2106
2628,2118
2629,2104
2630,2111
2631,2106
2632,2106
2633,2110
2634,2110
2635,2101
2636,2113
2637,2110
2638,2108
2639,2106
2640,2106
2641,2107
2642,2107
2643,2108
2644,2113
2645,2108
2646,2108
2647,2097
2648,2112
2649,2111
2650,2108
2651,2110
2652,2110
2653,2102
2654,2108
2655,2115
2656,2109
2657,2106
2658,2107
2659,2110
2660,2098
2661,2107
2662,2108
2663,2110
2664,2105
2665,2106
2666,2106
2667,2098
2668,2114
2669,2102
2670,2114
2671,2132
2672,2106
2673,2108
2674,2110
2675,2107
2676,2104
2677,2108
2678,2109
2679,2108
2680,2110
2681,2114
2682,2108
2683,2118
2684,2109
2685,2110
2686,2110
2687,2100
2688,2111
2689,2111
2690,2072
2691,2108
2692,2108
2693,2110
2694,2105
2695,2104
2696,2105
2697,2106
2698,2108
2699,2111
2700,2106
2701,2109
2702,2108
2703,2108
2704,2105
2705,2113
2706,2112
2707,2120
2708,2105
2709,2104
2710,2110
2711,2108
2712,2108
2713,2110
2714,2106
2715,2108
2716,2107
2717,2096
2718,2105
2719,2104
2720,2107
2721,2108
2722,2111
2723,2108
2724,2110
2725,2113
2726,2109
2727,2110
2728,2112
2729,2108
2730,2107
2731,2104
2732,2104
2733,2106
2734,2103
2735,2105
2736,2104
2737,2100
2738,2112
2739,2107
2740,2110
2741,2111
2742,2107
2743,2108
2744,2110
2745,2110
2746,2106
2747,2108
2748,2109
2749,2107
2750,2106
2751,2105
2752,2104
2753,2109
2754,2103
2755,2107
2756,2106
2757,2106
2758,2108
2759,2108
2760,2110
2761,2104
2762,2108
2763,2108
2764,2110
2765,2096
2766,2100
2767,2109
2768,2108
2769,2088
2770,2108
2771,2108
2772,2108
2773,2110
2774,2103
2775,2110
2776,2108
2777,2093
2778,2100
2779,2112
2780,2104
2781,2106
2782,2110
2783,2106
2784,2108
2785,2106
2786,2107
2787,2103
2788,2106
2789,2105
2790,2107
2791,2106
2792,2108
2793,2103
2794,2109
2795,2098
2796,2104
2797,2109
2798,2106
2799,2106
2800,2106
2801,2104
2802,2104
2803,2105
2804,2107
2805,2105
2806,2107
2807,2105
2808,2108
2809,2109
2810,2112
2811,2112
2812,2111
2813,2109
2814,2113
2815,2106
2816,2106
2817,2102
2818,2110
2819,2107
2820,2106
2821,2107
2822,2099
2823,2109
2824,2105
2825,2106
2826,2112
2827,2106
2828,2111
2829,2105
2830,2113
2831,2094
2832,2109
2833,2106
2834,2109
2835,2106
2836,2107
2837,2105
2838,2103
2839,2105
2840,2108
2841,2106
2842,2108
2843,2107
2844,2109
2845,2108
2846,2110
2847,2112
2848,2115
2849,2109
2850,2113
2851,2105
2852,2107
2853,2111
2854,2110
2855,2105
2856,2107
2857,2108
2858,2108
2859,2108
2860,2112
2861,2112
2862,2114
2863,2124
2864,2108
2865,2111
2866,2113
2867,2111
2868,2113
2869,2103
2870,2105
2871,2106
2872,2107
2873,2105
2874,2106
2875,2113
2876,2104
2877,2108
2878,2104
2879,2108
2880,2110
2881,2100
2882,2110
2883,2112
2884,2106
2885,2106
2886,2112
2887,2109
2888,2105
2889,2105
2890,2108
2891,2107
2892,2107
2893,2106
2894,2108
2895,2108
2896,2106
2897,2108
2898,2110
2899,2110
2900,2104
2901,2116
2902,2111
2903,2103
2904,2108
2905,2107
2906,2108
2907,2106
2908,2107
2909,2108
2910,2108
2911,2108
2912,2104
2913,2110
2914,2108
2915,2106
2916,2108
2917,2111
2918,2111
2919,2138
2920,2108
2921,2110
2922,2108
2923,2107
2924,2109
2925,2107
2926,2108
2927,2110
2928,2116
2929,2107
2930,2109
2931,2102
2932,2111
2933,2107
2934,2108
2935,2105
2936,2112
2937,2102
2938,2108
2939,2108
2940,2110
2941,2107
2942,2104
2943,2110
2944,2121
2945,2105
2946,2119
2947,2106
2948,2106
2949,2104
2950,2110
2951,2107
2952,2105
2953,2102
2954,2110
2955,2111
2956,2110
2957,2101
2958,2106
2959,2106
2960,2106
2961,2106
2962,2108
2963,2107
2964,2105
2965,2110
2966,2106
2967,2108
2968,2110
2969,2096
2970,2112
2971,2134
2972,2114
2973,2109
2974,2109
2975,2108
2976,2106
2977,2109
2978,2108
2979,2107
2980,2105
2981,2114
2982,2104
2983,2105
2984,2106
2985,2110
2986,2107
2987,2110
2988,2111
2989,2110
2990,2175
2991,2107
2992,2108
2993,2108
2994,2107
2995,2107
2996,2106
2997,2106
2998,2104
2999,2109
3000,2108
3001,2106
3002,2105
3003,2108
3004,2112
3005,2104
3006,2109
3007,2118
3008,2100
3009,2105
3010,2102
3011,2107
3012,2110
3013,2105
3014,2116
3015,2105
3016,2105
3017,2107
3018,2110
3019,2106
3020,2107
3021,2105
3022,2109
3023,2106
3024,2111
3025,2106
3026,2108
3027,2108
3028,2108
3029,2106
3030,2109
3031,2109
3032,2106
3033,2107
3034,2102
3035,2107
3036,2105
3037,2105
3038,2110
3039,2106
3040,2108
3041,2108
3042,2105
3043,2103
3044,2111
3045,2100
3046,2107
3047,2104
3048,2107
3049,2101
3050,2106
3051,2107
3052,2102
3053,2105
3054,2107
3055,2104
3056,2108
3057,2108
3058,2109
3059,2104
3060,2109
3061,2110
3062,2107
3063,2110
3064,2107
3065,2104
3066,2111
3067,2104
3068,2105
3069,2066
3070,2105
3071,2104
3072,2110
3073,2104
3074,2108
3075,2107
3076,2105
3077,2086
3078,2108
3079,2106
3080,2109
3081,2109
3082,2108
3083,2106
3084,2105
3085,2105
3086,2104
3087,2111
3088,2107
3089,2109
3090,2110
3091,2108
3092,2108
3093,2105
3094,2111
3095,2104
3096,2111
3097,2109
3098,2110
3099,2105
3100,2106
3101,2111
3102,2106
3103,2105
3104,2105
3105,2106
3106,2105
3107,2108
3108,2108
3109,2100
3110,2110
3111,2112
3112,2112
3113,2106
3114,2111
3115,2106
3116,2110
3117,2108
3118,2107
3119,2106
3120,2105
3121,2105
3122,2103
3123,2106
3124,2109
3125,2108
3126,2106
3127,2106
3128,2106
3129,2105
3130,2109
3131,2116
3132,2110
3133,2106
3134,2110
3135,2108
3136,2106
3137,2104
3138,2107
3139,2108
3140,2104
3141,2105
3142,2108
3143,2109
3144,2109
3145,2109
3146,2111
3147,2115
3148,2112
3149,2120
3150,2110
3151,2107
3152,2103
3153,2105
3154,2108
3155,2104
3156,2106
3157,2105
3158,2108
3159,2129
3160,2108
3161,2106
3162,2110
3163,2105
3164,2106
3165,2110
3166,2116
3167,2110
3168,2108
3169,2107
3170,2107
3171,2103
3172,2108
3173,2111
3174,2105
3175,2096
3176,2103
3177,2106
3178,2107
3179,2104
3180,2109
3181,2104
3182,2105
3183,2108
3184,2111
3185,2102
3186,2108
3187,2109
3188,2108
3189,2110
3190,2107
3191,2109
3192,2107
3193,2102
3194,2107
3195,2108
3196,2112
3197,2098
3198,2106
3199,2105
3200,2105
3201,2112
3202,2109
3203,2109
3204,2111
3205,2107
3206,2107
3207,2111
3208,2108
3209,2106
3210,2112
3211,2108
3212,2106
3213,2105
3214,2108
3215,2108
3216,2109
3217,2109
3218,2115
3219,2096
3220,2110
3221,2108
3222,2087
3223,2103
3224,2108
3225,2108
3226,2108
3227,2107
3228,2112
3229,2108
3230,2104
3231,2110
3232,2108
3233,2105
3234,2109
3235,2102
3236,2115
3237,2071
3238,2111
3239,2105
3240,2108
3241,2107
3242,2105
3243,2108
3244,2108
3245,2108
3246,2108
3247,2109
3248,2108
3249,2108
3250,2109
3251,2104
3252,2108
3253,2107
3254,2106
3255,2108
3256,2108
3257,2109
3258,2109
3259,2107
3260,2106
3261,2107
3262,2106
3263,2106
3264,2112
3265,2108
3266,2107
3267,2110
3268,2112
3269,2109
3270,2104
3271,2095
3272,2087
3273,2105
3274,2110
3275,2107
3276,2106
3277,2108
3278,2109
3279,2105
3280,2106
3281,2110
3282,2105
3283,2104
3284,2105
3285,2108
3286,2111
3287,2109
3288,2108
3289,2111
3290,2073
3291,2104
3292,2109
3293,2107
3294,2109
3295,2105
3296,2108
3297,2109
3298,2107
3299,2108
3300,2108
3301,2108
3302,2112
3303,2108
3304,2110
3305,2110
3306,2110
3307,2109
3308,2121
3309,2110
3310,2107
3311,2107
3312,2108
3313,2106
3314,2105
3315,2110
3316,2107
3317,2102
3318,2107
3319,2104
3320,2104
3321,2108
3322,2107
3323,2111
3324,2094
3325,2090
3326,2116
3327,2107
3328,2110
3329,2105
3330,2106
3331,2107
3332,2108
3333,2108
3334,2108
3335,2110
3336,2109
3337,2106
3338,2109
3339,2107
3340,2113
3341,2114
3342,2107
3343,2110
3344,2108
3345,2109
3346,2106
3347,2110
3348,2107
3349,2105
3350,2105
3351,2104
3352,2109
3353,2106
3354,2108
3355,2108
3356,2108
3357,2109
3358,2108
3359,2108
3360,2106
3361,2102
3362,2108
3363,2108
3364,2110
3365,2108
3366,2106
3367,2108
3368,2106
3369,2127
3370,2108
3371,2105
3372,2109
3373,2108
3374,2108
3375,2110
3376,2105
3377,2094
3378,2108
3379,2108
3380,2112
3381,2107
3382,2105
3383,2108
3384,2122
3385,2107
3386,2105
3387,2113
3388,2109
3389,2105
3390,2108
3391,2107
3392,2109
3393,2108
3394,2111
3395,2110
3396,2169
3397,2104
3398,2099
3399,2105
3400,2105
3401,2104
3402,2106
3403,2104
3404,2108
3405,2102
3406,2107
3407,2106
3408,2105
3409,2105
3410,2108
3411,2111
3412,2106
3413,2108
3414,2109
3415,2108
3416,2108
3417,2108
3418,2109
3419,2106
3420,2106
3421,2105
3422,2112
3423,2100
3424,2105
3425,2111
3426,2108
3427,2109
3428,2108
3429,2114
3430,2116
3431,2109
3432,2112
3433,2109
3434,2108
3435,2108
3436,2113
3437,2109
3438,2112
3439,2107
3440,2102
3441,2108
3442,2108
3443,2108
3444,2107
3445,2108
3446,2105
3447,2112
3448,2111
3449,2105
3450,2110
3451,2102
3452,2108
3453,2105
3454,2106
3455,2106
3456,2106
3457,2102
3458,2108
3459,2106
3460,2104
3461,2106
3462,2106
3463,2107
3464,2111
3465,2107
3466,2108
3467,2105
3468,2107
3469,2109
3470,2109
3471,2112
3472,2105
3473,2105
3474,2109
3475,2112
3476,2106
3477,2106
3478,2109
3479,2113
3480,2114
3481,2110
3482,2111
3483,2116
3484,2119
3485,2108
3486,2109
3487,2107
3488,2108
3489,2109
3490,2107
3491,2106
3492,2104
3493,2103
3494,2107
3495,2100
3496,2107
3497,2104
3498,2101
3499,2106
3500,2106
3501,2102
3502,2103
3503,2107
3504,2110
3505,2105
3506,2106
3507,2105
3508,2108
3509,2106
3510,2104
3511,2109
3512,2107
3513,2104
3514,2107
3515,2110
3516,2108
3517,2106
3518,2116
3519,2104
3520,2111
3521,2108
3522,2108
3523,2105
3524,2108
3525,2107
3526,2107
3527,2107
3528,2098
3529,2106
3530,2105
3531,2109
3532,2112
3533,2110
3534,2108
3535,2109
3536,2106
3537,2101
3538,2109
3539,2109
3540,2108
3541,2108
3542,2108
3543,2106
3544,2108
3545,2105
3546,2114
3547,2100
3548,2108
3549,2108
3550,2109
3551,2110
3552,2110
3553,2104
3554,2101
3555,2116
3556,2109
3557,2108
3558,2108
3559,2100
3560,2107
3561,2111
3562,2108
3563,2099
3564,2108
3565,2107
3566,2106
3567,2111
3568,2113
3569,2111
3570,2105
3571,2122
3572,2094
3573,2109
3574,2110
3575,2109
3576,2106
3577,2104
3578,2107
3579,2108
3580,2107
3581,2104
3582,2109
3583,2107
3584,2107
3585,2115
3586,2107
3587,2108
3588,2112
3589,2108
3590,2073
3591,2110
3592,2110
3593,2108
3594,2107
3595,2107
3596,2107
3597,2104
3598,2109
3599,2112
3600,2104
3601,2106
3602,2108
3603,2108
3604,2109
3605,2110
3606,2110
3607,2109
3608,2076
3609,2108
3610,2108
3611,2107
3612,2107
3613,2108
3614,2110
3615,2105
3616,2109
3617,2105
3618,2107
3619,2107
3620,2106
3621,2108
3622,2108
3623,2112
3624,2088
3625,2091
3626,2109
3627,2107
3628,2108
3629,2108
3630,2109
3631,2114
3632,2108
3633,2108
3634,2110
3635,2108
3636,2106
3637,2110
3638,2108
3639,2108
3640,2110
3641,2113
3642,2100
3643,2104
3644,2106
3645,2108
3646,2109
3647,2109
3648,2110
3649,2105
3650,2106
3651,2108
3652,2110
3653,2104
3654,2105
3655,2110
3656,2102
3657,2108
3658,2113
3659,2106
3660,2105
3661,2112
3662,2110
3663,2108
3664,2106
3665,2115
3666,2107
3667,2110
3668,2106
3669,2121
3670,2104
3671,2104
3672,2107
3673,2105
3674,2108
3675,2110
3676,2104
3677,2101
3678,2127
3679,2118
3680,2108
3681,2106
3682,2107
3683,2104
3684,2106
3685,2104
3686,2105
3687,2110
3688,2108
3689,2108
3690,2107
3691,2103
3692,2108
3693,2108
3694,2108
3695,2104
3696,2068
3697,2106
3698,2106
3699,2108
3700,2108
3701,2103
3702,2106
3703,2106
3704,2108
3705,2106
3706,2110
3707,2108
3708,2107
3709,2107
3710,2109
3711,2112
3712,2116
3713,2107
3714,2108
3715,2109
3716,2107
3717,2106
3718,2108
3719,2112
3720,2109
3721,2106
3722,2125
3723,2105
3724,2108
3725,2107
3726,2112
3727,2108
3728,2113
3729,2109
3730,2110
3731,2120
3732,2108
3733,2108
3734,2101
3735,2110
3736,2110
3737,2106
3738,2108
3739,2104
3740,2103
3741,2108
3742,2105
3743,2105
3744,2108
3745,2109
3746,2117
3747,2110
3748,2112
3749,2106
3750,2108
3751,2107
3752,2110
3753,2106
3754,2106
3755,2105
3756,2104
3757,2105
3758,2108
3759,2108
3760,2110
3761,2110
3762,2108
3763,2109
3764,2106
3765,2108
3766,2109
3767,2109
3768,2110
3769,2102
3770,2111
3771,2108
3772,2109
3773,2107
3774,2105
3775,2117
3776,2108
3777,2108
3778,2106
3779,2108
3780,2111
3781,2104
3782,2107
3783,2109
3784,2115
3785,2108
3786,2110
3787,2106
3788,2107
3789,2108
3790,2111
3791,2106
3792,2107
3793,2103
3794,2106
3795,2108
3796,2106
3797,2106
3798,2120
3799,2107
3800,2109
3801,2102
3802,2108
3803,2108
3804,2111
3805,2109
3806,2108
3807,2105
3808,2105
3809,2106
3810,2105
3811,2106
3812,2110
3813,2107
3814,2104
3815,2107
3816,2110
3817,2109
3818,2123
3819,2114
3820,2108
3821,2108
3822,2106
3823,2104
3824,2108
3825,2106
3826,2106
3827,2110
3828,2099
3829,2105
3830,2105
3831,2109
3832,2110
3833,2108
3834,2110
3835,2104
3836,2113
3837,2098
3838,2108
3839,2108
3840,2106
3841,2107
3842,2108
3843,2108
3844,2108
3845,2108
3846,2113
3847,2105
3848,2104
3849,2108
3850,2109
3851,2107
3852,2110
3853,2098
3854,2113
3855,2112
3856,2109
3857,2110
3858,2110
3859,2107
3860,2103
3861,2104
3862,2108
3863,2105
3864,2108
3865,2107
3866,2107
3867,2104
3868,2106
3869,2109
3870,2106
3871,2110
3872,2107
3873,2108
3874,2102
3875,2110
3876,2107
3877,2106
3878,2107
3879,2107
3880,2109
3881,2101
3882,2114
3883,2108
3884,2108
3885,2111
3886,2109
3887,2114
3888,2113
3889,2109
3890,2145
3891,2107
3892,2109
3893,2108
3894,2110
3895,2108
3896,2107
3897,2107
3898,2101
3899,2108
3900,2105
3901,2103
3902,2110
3903,2108
3904,2107
3905,2107
3906,2112
3907,2110
3908,2103
3909,2110
3910,2106
3911,2100
3912,2106
3913,2099
3914,2105
3915,2104
3916,2103
3917,2108
3918,2107
3919,2106
3920,2106
3921,2109
3922,2112
3923,2113
3924,2084
3925,2102
3926,2108
3927,2106
3928,2107
3929,2110
3930,2107
3931,2104
3932,2105
3933,2105
3934,2112
3935,2102
3936,2106
3937,2104
3938,2107
3939,2110
3940,2107
3941,2107
3942,2113
3943,2100
3944,2110
3945,2110
3946,2107
3947,2107
3948,2109
3949,2109
3950,2107
3951,2116
3952,2110
3953,2105
3954,2106
3955,2108
3956,2108
3957,2110
3958,2113
3959,2108
3960,2110
3961,2105
3962,2108
3963,2108
3964,2112
3965,2105
3966,2106
3967,2105
3968,2105
3969,2094
3970,2107
3971,2108
3972,2109
3973,2105
3974,2108
3975,2112
3976,2105
3977,2110
3978,2110
3979,2103
3980,2107
3981,2110
3982,2108
3983,2108
3984,2106
3985,2104
3986,2109
3987,2116
3988,2109
3989,2108
3990,2108
3991,2110
3992,2110
3993,2110
3994,2108
3995,2109
3996,2083
3997,2108
3998,2107
3999,2108
4000,2110
4001,2109
4002,2104
4003,2104
4004,2106
4005,2109
4006,2108
4007,2109
4008,2105
4009,2110
4010,2108
4011,2109
4012,2108
4013,2112
4014,2106
4015,2106
4016,2113
4017,2105
4018,2105
4019,2111
4020,2112
4021,2102
4022,2118
4023,2108
4024,2104
4025,2122
4026,2106
4027,2104
4028,2103
4029,2110
4030,2110
4031,2114
4032,2109
4033,2104
4034,2107
4035,2106
4036,2106
4037,2103
4038,2109
4039,2105
4040,2102
4041,2107
4042,2112
4043,2108
4044,2108
4045,2108
4046,2109
4047,2110
4048,2109
4049,2113
4050,2108
4051,2110
4052,2102
4053,2106
4054,2110
4055,2104
4056,2104
4057,2106
4058,2107
4059,2110
4060,2107
4061,2110
4062,2109
4063,2107
4064,2108
4065,2109
4066,2109
4067,2108
4068,2110
4069,2110
4070,2103
4071,2110
4072,2108
4073,2106
4074,2106
4075,2120
4076,2108
4077,2106
4078,2106
4079,2106
4080,2109
4081,2107
4082,2116
4083,2112
4084,2099
4085,2105
4086,2105
4087,2108
4088,2107
4089,2106
4090,2106
4091,2109
4092,2110
4093,2108
4094,2103
4095,2106
4096,2108
4097,2108
4098,2113
4099,2111
4100,2106
4101,2104
4102,2103
4103,2108
4104,2108
4105,2110
4106,2107
4107,2106
4108,2105
4109,2108
4110,2107
4111,2108
4112,2106
4113,2111
4114,2108
4115,2111
4116,2108
4117,2110
4118,2111
4119,2112
4120,2103
4121,2105
4122,2108
4123,2100
4124,2108
4125,2107
4126,2108
4127,2105
4128,2098
4129,2108
4130,2106
4131,2107
4132,2104
4133,2108
4134,2107
4135,2112
4136,2110
4137,2109
4138,2103
4139,2103
4140,2107
4141,2104
4142,2108
4143,2107
4144,2105
4145,2104
4146,2108
4147,2108
4148,2108
4149,2107
4150,2099
4151,2108
4152,2106
4153,2105
4154,2105
4155,2112
4156,2110
4157,2111
4158,2107
4159,2104
4160,2105
4161,2102
4162,2108
4163,2109
4164,2105
4165,2111
4166,2107
4167,2108
4168,2108
4169,2110
4170,2120
4171,2107
4172,2110
4173,2113
4174,2110
4175,2107
4176,2106
4177,2107
4178,2108
4179,2108
4180,2103
4181,2098
4182,2108
4183,2102
4184,2112
4185,2111
4186,2111
4187,2105
4188,2108
4189,2109
4190,2111
4191,2103
4192,2116
4193,2107
4194,2108
4195,2104
4196,2109
4197,2106
4198,2107
4199,2104
4200,2108
4201,2105
4202,2108
4203,2108
4204,2110
4205,2110
4206,2112
4207,2114
4208,2117
4209,2107
4210,2111
4211,2107
4212,2108
4213,2107
4214,2104
4215,2106
4216,2116
4217,2108
4218,2103
4219,2106
4220,2108
4221,2103
4222,2114
4223,2114
4224,2093
4225,2104
4226,2108
4227,2109
4228,2108
4229,2108
4230,2109
4231,2108
4232,2110
4233,2108
4234,2112
4235,2105
4236,2109
4237,2105
4238,2107
4239,2108
4240,2109
4241,2109
4242,2106
4243,2100
4244,2106
4245,2109
4246,2108
4247,2115
4248,2108
4249,2106
4250,2108
4251,2102
4252,2108
4253,2107
4254,2106
4255,2106
4256,2106
4257,2105
4258,2111
4259,2107
4260,2105
4261,2110
4262,2107
4263,2106
4264,2105
4265,2106
4266,2107
4267,2106
4268,2106
4269,2110
4270,2098
4271,2107
4272,2104
4273,2109
4274,2108
4275,2111
4276,2108
4277,2123
4278,2115
4279,2105
4280,2108
4281,2104
4282,2107
4283,2111
4284,2104
4285,2101
4286,2107
4287,2110
4288,2105
4289,2108
4290,2106
4291,2107
4292,2105
4293,2105
4294,2112
4295,2101
4296,2082
4297,2110
4298,2109
4299,2112
4300,2109
4301,2105
4302,2110
4303,2106
4304,2101
4305,2106
4306,2107
4307,2101
4308,2110
4309,2112
4310,2108
4311,2105
4312,2109
4313,2109
4314,2102
4315,2108
4316,2110
4317,2108
4318,2105
4319,2110
4320,2110
4321,2104
4322,2104
4323,2104
4324,2105
4325,2108
4326,2108
4327,2104
4328,2112
4329,2114
4330,2105
4331,2113
4332,2110
4333,2107
4334,2105
4335,2108
4336,2111
4337,2100
4338,2104
4339,2105
4340,2107
4341,2105
4342,2105
4343,2110
4344,2106
4345,2107
4346,2108
4347,2105
4348,2104
4349,2097
4350,2110
4351,2107
4352,2106
4353,2104
4354,2112
4355,2107
4356,2105
4357,2107
4358,2104
4359,2109
4360,2108
4361,2106
4362,2110
4363,2108
4364,2104
4365,2107
4366,2143
4367,2101
4368,2110
4369,2106
4370,2108
4371,2104
4372,2104
4373,2111
4374,2111
4375,2109
4376,2106
4377,2108
4378,2110
4379,2106
4380,2108
4381,2106
4382,2112
4383,2112
4384,2113
4385,2110
4386,2109
4387,2103
4388,2107
4389,2110
4390,2104
4391,2103
4392,2108
4393,2106
4394,2108
4395,2105
4396,2108
4397,2108
4398,2091
4399,2107
4400,2112
4401,2106
4402,2104
4403,2109
4404,2100
4405,2105
4406,2108
4407,2105
4408,2107
4409,2112
4410,2108
4411,2100
4412,2107
4413,2111
4414,2110
4415,2109
4416,2108
4417,2105
4418,2111
4419,2116
4420,2111
4421,2105
4422,2109
4423,2103
4424,2105
4425,2105
4426,2109
4427,2103
4428,2099
4429,2108
4430,2108
4431,2108
4432,2107
4433,2109
4434,2111
4435,2108
4436,2112
4437,2112
4438,2105
4439,2106
4440,2111
4441,2104
4442,2105
4443,2103
4444,2105
4445,2105
4446,2104
4447,2100
4448,2106
4449,2109
4450,2106
4451,2106
4452,2116
4453,2111
4454,2107
4455,2106
4456,2108
4457,2108
4458,2107
4459,2107
4460,2111
4461,2112
4462,2106
4463,2105
4464,2108
4465,2096
4466,2108
4467,2106
4468,2108
4469,2100
4470,2113
4471,2145
4472,2115
4473,2112
4474,2109
4475,2108
4476,2110
4477,2103
4478,2105
4479,2106
4480,2106
4481,2100
4482,2108
4483,2108
4484,2109
4485,2107
4486,2112
4487,2108
4488,2108
4489,2108
4490,2094
4491,2110
4492,2106
4493,2109
4494,2108
4495,2103
4496,2107
4497,2108
4498,2109
4499,2102
4500,2109
4501,2108
4502,2108
4503,2109
4504,2112
4505,2111
4506,2110
4507,2114
4508,2114
4509,2112
4510,2094
4511,2108
4512,2108
4513,2106
4514,2105
4515,2109
4516,2098
4517,2110
4518,2105
4519,2107
4520,2109
4521,2108
4522,2115
4523,2106
4524,2116
4525,2108
4526,2108
4527,2111
4528,2110
4529,2104
4530,2109
4531,2108
4532,2108
4533,2108
4534,2104
4535,2107
4536,2108
4537,2104
4538,2111
4539,2112
4540,2114
4541,2104
4542,2102
4543,2097
4544,2107
4545,2106
4546,2108
4547,2105
4548,2106
4549,2105
4550,2105
4551,2108
4552,2113
4553,2109
4554,2110
4555,2104
4556,2106
4557,2110
4558,2110
4559,2093
4560,2108
4561,2118
4562,2110
4563,2106
4564,2108
4565,2108
4566,2108
4567,2096
4568,2104
4569,2112
4570,2107
4571,2110
4572,2109
4573,2108
4574,2109
4575,2108
4576,2114
4577,2128
4578,2100
4579,2108
4580,2110
4581,2110
4582,2108
4583,2108
4584,2110
4585,2105
4586,2107
4587,2105
4588,2105
4589,2107
4590,2107
4591,2107
4592,2108
4593,2109
4594,2110
4595,2112
4596,2078
4597,2109
4598,2108
4599,2106
4600,2109
4601,2110
4602,2108
4603,2106
4604,2104
4605,2108
4606,2110
4607,2121
4608,2106
4609,2112
4610,2107
4611,2106
4612,2110
4613,2099
4614,2108
4615,2106
4616,2106
4617,2107
4618,2107
4619,2106
4620,2112
4621,2128
4622,2104
4623,2107
4624,2105
4625,2105
4626,2107
4627,2108
4628,2111
4629,2108
4630,2105
4631,2101
4632,2117
4633,2102
4634,2106
4635,2108
4636,2106
4637,2106
4638,2108
4639,2106
4640,2110
4641,2107
4642,2106
4643,2106
4644,2108
4645,2108
4646,2102
4647,2110
4648,2108
4649,2109
4650,2108
4651,2110
4652,2109
4653,2109
4654,2105
4655,2105
4656,2110
4657,2112
4658,2107
4659,2106
4660,2106
4661,2104
4662,2107
4663,2107
4664,2112
4665,2106
4666,2145
4667,2105
4668,2100
4669,2102
4670,2108
4671,2108
4672,2107
4673,2109
4674,2105
4675,2110
4676,2107
4677,2108
4678,2113
4679,2105
4680,2106
4681,2107
4682,2106
4683,2109
4684,2111
4685,2110
4686,2110
4687,2109
4688,2104
4689,2108
4690,2109
4691,2103
4692,2106
4693,2109
4694,2109
4695,2108
4696,2108
4697,2110
4698,2110
4699,2108
4700,2113
4701,2118
4702,2111
4703,2110
4704,2105
4705,2106
4706,2111
4707,2107
4708,2105
4709,2105
4710,2106
4711,2104
4712,2111
4713,2103
4714,2106
4715,2107
4716,2107
4717,2108
4718,2108
4719,2103
4720,2110
4721,2107
4722,2107
4723,2108
4724,2104
4725,2106
4726,2106
4727,2108
4728,2103
4729,2106
4730,2105
4731,2108
4732,2107
4733,2106
4734,2111
4735,2106
4736,2113
4737,2117
4738,2110
4739,2110
4740,2105
4741,2106
4742,2107
4743,2107
4744,2111
4745,2105
4746,2097
4747,2110
4748,2107
4749,2110
4750,2108
4751,2108
4752,2113
4753,2112
4754,2102
4755,2111
4756,2108
4757,2108
4758,2106
4759,2102
4760,2106
4761,2104
4762,2105
4763,2108
4764,2106
4765,2105
4766,2104
4767,2108
4768,2105
4769,2105
4770,2108
4771,2090
4772,2121
4773,2111
4774,2108
4775,2108
4776,2109
4777,2104
4778,2106
4779,2093
4780,2105
4781,2106
4782,2111
4783,2105
4784,2108
4785,2108
4786,2110
4787,2110
4788,2106
4789,2108
4790,2132
4791,2110
4792,2108
4793,2107
4794,2106
4795,2105
4796,2103
4797,2107
4798,2105
4799,2103
4800,2107
4801,2104
4802,2107
4803,2109
4804,2109
4805,2111
4806,2103
4807,2106
4808,2114
4809,2110
4810,2108
4811,2108
4812,2106
4813,2123
4814,2106
4815,2088
4816,2070
4817,2106
4818,2106
4819,2106
4820,2108
4821,2109
4822,2113
4823,2111
4824,2132
4825,2114
4826,2110
4827,2108
4828,2108
4829,2112
4830,2106
4831,2103
4832,2108
4833,2108
4834,2106
4835,2098
4836,2107
4837,2106
4838,2108
4839,2109
4840,2117
4841,2111
4842,2105
4843,2105
4844,2110
4845,2105
4846,2110
4847,2109
4848,2106
4849,2110
4850,2105
4851,2105
4852,2111
4853,2109
4854,2108
4855,2108
4856,2108
4857,2108
4858,2110
4859,2108
4860,2115
4861,2110
4862,2109
4863,2107
4864,2107
4865,2104
4866,2109
4867,2116
4868,2103
4869,2095
4870,2108
4871,2106
4872,2105
4873,2101
4874,2108
4875,2110
4876,2110
4877,2110
4878,2100
4879,2114
4880,2107
4881,2104
4882,2102
4883,2103
4884,2104
4885,2104
4886,2106
4887,2104
4888,2102
4889,2105
4890,2106
4891,2106
4892,2108
4893,2106
4894,2108
4895,2103
4896,2093
4897,2110
4898,2105
4899,2105
4900,2109
4901,2106
4902,2105
4903,2108
4904,2110
4905,2107
4906,2105
4907,2108
4908,2108
4909,2108
4910,2110
4911,2108
4912,2112
4913,2109
4914,2104
4915,2110
4916,2109
4917,2112
4918,2107
4919,2110
4920,2108
4921,2105
4922,2098
4923,2109
4924,2109
4925,2109
4926,2112
4927,2107
4928,2116
4929,2110
4930,2104
4931,2108
4932,2106
4933,2106
4934,2108
4935,2105
4936,2105
4937,2110
4938,2107
4939,2110
4940,2120
4941,2109
4942,2117
4943,2108
4944,2108
4945,2108
4946,2110
4947,2108
4948,2106
4949,2111
4950,2116
4951,2110
4952,2105
4953,2111
4954,2112
4955,2110
4956,2107
4957,2106
4958,2104
4959,2104
4960,2108
4961,2108
4962,2107
4963,2107
4964,2109
4965,2108
4966,2056
4967,2112
4968,2108
4969,2108
4970,2109
4971,2108
4972,2107
4973,2111
4974,2108
4975,2103
4976,2104
4977,2106
4978,2104
4979,2109
4980,2113
4981,2103
4982,2106
4983,2108
4984,2113
4985,2108
4986,2109
4987,2111
4988,2107
4989,2104
4990,2106
4991,2100
4992,2104
4993,2106
4994,2107
4995,2116
4996,2105
4997,2110
4998,2108
4999,2111
5000,2109
5001,2105
5002,2107
5003,2109
5004,2110
5005,2108
5006,2107
5007,2102
5008,2105
5009,2105
5010,2108
5011,2103
5012,2104
5013,2110
5014,2109
5015,2109
5016,2109
5017,2106
5018,2079
5019,2079
5020,2112
5021,2110
5022,2098
5023,2107
5024,2105
5025,2105
5026,2106
5027,2107
5028,2114
5029,2101
5030,2110
5031,2102
5032,2107
5033,2109
5034,2108
5035,2105
5036,2116
5037,2110
5038,2106
5039,2112
5040,2109
5041,2110
5042,2105
5043,2106
5044,2100
5045,2105
5046,2104
5047,2106
5048,2106
5049,2107
5050,2109
5051,2110
5052,2117
5053,2110
5054,2105
5055,2103
5056,2106
5057,2106
5058,2106
5059,2108
5060,2108
5061,2106
5062,2108
5063,2106
5064,2110
5065,2104
5066,2108
5067,2108
5068,2105
5069,2107
5070,2108
5071,2096
5072,2115
5073,2113
5074,2108
5075,2109
5076,2104
5077,2107
5078,2104
5079,2108
5080,2105
5081,2112
5082,2106
5083,2111
5084,2108
5085,2109
5086,2107
5087,2107
5088,2108
5089,2108
5090,2152
5091,2091
5092,2109
5093,2106
5094,2114
5095,2111
5096,2108
5097,2103
5098,2105
5099,2107
5100,2108
5101,2107
5102,2107
5103,2108
5104,2108
5105,2110
5106,2110
5107,2103
5108,2107
5109,2100
5110,2110
5111,2107
5112,2106
5113,2104
5114,2108
5115,2105
5116,2135
5117,2103
5118,2108
5119,2108
5120,2102
5121,2099
5122,2106
5123,2108
5124,2136
5125,2118
5126,2109
5127,2108
5128,2108
5129,2107
5130,2108
5131,2100
5132,2108
5133,2111
5134,2105
5135,2105
5136,2106
5137,2112
5138,2109
5139,2109
5140,2111
5141,2106
5142,2112
5143,2047
5144,2109
5145,2097
5146,2109
5147,2104
5148,2107
5149,2109
5150,2108
5151,2105
5152,2110
5153,2104
5154,2108
5155,2104
5156,2104
5157,2110
5158,2104
5159,2119
5160,2108
5161,2113
5162,2106
5163,2107
5164,2110
5165,2109
5166,2108
5167,2106
5168,2105
5169,2144
5170,2108
5171,2106
5172,2103
5173,2106
5174,2108
5175,2107
5176,2112
5177,2115
5178,2104
5179,2110
5180,2108
5181,2109
5182,2107
5183,2105
5184,2108
5185,2104
5186,2105
5187,2105
5188,2108
5189,2105
5190,2108
5191,2107
5192,2107
5193,2110
5194,2109
5195,2113
5196,2120
5197,2112
5198,2110
5199,2110
5200,2104
5201,2110
5202,2105
5203,2104
5204,2107
5205,2109
5206,2107
5207,2105
5208,2109
5209,2107
5210,2102
5211,2104
5212,2111
5213,2116
5214,2111
5215,2104
5216,2108
5217,2108
5218,2107
5219,2106
5220,2107
5221,2108
5222,2090
5223,2103
5224,2110
5225,2106
5226,2108
5227,2108
5228,2115
5229,2113
5230,2104
5231,2106
5232,2106
5233,2108
5234,2107
5235,2105
5236,2110
5237,2111
5238,2105
5239,2106
5240,2108
5241,2105
5242,2106
5243,2105
5244,2105
5245,2106
5246,2108
5247,2115
5248,2107
5249,2119
5250,2108
5251,2104
5252,2108
5253,2109
5254,2110
5255,2108
5256,2105
5257,2108
5258,2108
5259,2107
5260,2121
5261,2110
5262,2107
5263,2105
5264,2105
5265,2106
5266,2088
5267,2107
5268,2110
5269,2108
5270,2111
5271,2102
5272,2104
5273,2102
5274,2104
5275,2095
5276,2107
5277,2107
5278,2111
5279,2100
5280,2110
5281,2095
5282,2107
5283,2106
5284,2110
5285,2107
5286,2108
5287,2107
5288,2110
5289,2108
5290,2103
5291,2107
5292,2104
5293,2107
5294,2106
5295,2109
5296,2112
5297,2111
5298,2102
5299,2111
5300,2114
5301,2105
5302,2108
5303,2112
5304,2108
5305,2103
5306,2106
5307,2108
5308,2103
5309,2107
5310,2105
5311,2112
5312,2105
5313,2109
5314,2109
5315,2109
5316,2109
5317,2108
5318,2088
5319,2107
5320,2112
5321,2116
5322,2108
5323,2110
5324,2108
5325,2108
5326,2107
5327,2106
5328,2117
5329,2108
5330,2108
5331,2106
5332,2108
5333,2114
5334,2109
5335,2102
5336,2102
5337,2121
5338,2110
5339,2106
5340,2108
5341,2107
5342,2109
5343,2107
5344,2109
5345,2108
5346,2104
5347,2105
5348,2106
5349,2104
5350,2105
5351,2110
5352,2108
5353,2110
5354,2114
5355,2103
5356,2107
5357,2115
5358,2106
5359,2105
5360,2105
5361,2104
5362,2106
5363,2109
5364,2105
5365,2107
5366,2105
5367,2112
5368,2111
5369,2108
5370,2110
5371,2109
5372,2111
5373,2108
5374,2115
5375,2108
5376,2107
5377,2110
5378,2110
5379,2105
5380,2107
5381,2115
5382,2107
5383,2109
5384,2108
5385,2108
5386,2110
5387,2105
5388,2107
5389,2100
5390,2091
5391,2109
5392,2109
5393,2110
5394,2108
5395,2106
5396,2108
5397,2109
5398,2109
5399,2107
5400,2110
5401,2106
5402,2110
5403,2106
5404,2108
5405,2113
5406,2108
5407,2114
5408,2117
5409,2108
5410,2108
5411,2109
5412,2110
5413,2110
5414,2110
5415,2108
5416,2146
5417,2105
5418,2107
5419,2105
5420,2110
5421,2108
5422,2108
5423,2112
5424,2103
5425,2118
5426,2105
5427,2109
5428,2110
5429,2106
5430,2109
5431,2111
5432,2105
5433,2106
5434,2107
5435,2108
5436,2105
5437,2107
5438,2105
5439,2100
5440,2108
5441,2105
5442,2103
5443,2090
5444,2110
5445,2105
5446,2105
5447,2105
5448,2108
5449,2105
5450,2107
5451,2106
5452,2111
5453,2110
5454,2111
5455,2104
5456,2106
5457,2110
5458,2102
5459,2105
5460,2107
5461,2113
5462,2107
5463,2108
5464,2101
5465,2108
5466,2104
5467,2106
5468,2106
5469,2123
5470,2106
5471,2105
5472,2108
5473,2108
5474,2107
5475,2106
5476,2110
5477,2109
5478,2096
5479,2106
5480,2105
5481,2106
5482,2107
5483,2109
5484,2108
5485,2106
5486,2104
5487,2103
5488,2115
5489,2108
5490,2112
5491,2107
5492,2106
5493,2104
5494,2108
5495,2114
5496,2100
5497,2106
5498,2108
5499,2110
5500,2108
5501,2110
5502,2119
5503,2105
5504,2104
5505,2100
5506,2100
5507,2109
5508,2109
5509,2106
5510,2110
5511,2108
5512,2110
5513,2109
5514,2109
5515,2110
5516,2105
5517,2105
5518,2108
5519,2108
5520,2108
5521,2109
5522,2104
5523,2108
5524,2108
5525,2108
5526,2105
5527,2108
5528,2106
5529,2111
5530,2112
5531,2104
5532,2109
5533,2105
5534,2108
5535,2116
5536,2108
5537,2108
5538,2109
5539,2106
5540,2109
5541,2110
5542,2108
5543,2108
5544,2108
5545,2110
5546,2107
5547,2111
5548,2105
5549,2110
5550,2108
5551,2106
5552,2108
5553,2108
5554,2108
5555,2104
5556,2106
5557,2105
5558,2107
5559,2104
5560,2107
5561,2108
5562,2108
5563,2107
5564,2108
5565,2112
5566,2146
5567,2109
5568,2108
5569,2107
5570,2107
5571,2105
5572,2108
5573,2104
5574,2130
5575,2108
5576,2108
5577,2107
5578,2110
5579,2108
5580,2110
5581,2108
5582,2104
5583,2109
5584,2112
5585,2108
5586,2107
5587,2108
5588,2104
5589,2106
5590,2109
5591,2108
5592,2102
5593,2111
5594,2111
5595,2107
5596,2107
5597,2107
5598,2106
5599,2108
5600,2103
5601,2111
5602,2134
5603,2108
5604,2107
5605,2108
5606,2108
5607,2107
5608,2109
5609,2108
5610,2107
5611,2110
5612,2106
5613,2105
5614,2105
5615,2107
5616,2113
5617,2108
5618,2101
5619,2128
5620,2096
5621,2109
5622,2111
5623,2106
5624,2107
5625,2106
5626,2108
5627,2111
5628,2117
5629,2107
5630,2108
5631,2108
5632,2110
5633,2112
5634,2108
5635,2106
5636,2106
5637,2161
5638,2108
5639,2109
5640,2110
5641,2108
5642,2107
5643,2064
5644,2108
5645,2106
5646,2102
5647,2108
5648,2107
5649,2111
5650,2103
5651,2107
5652,2108
5653,2110
5654,2121
5655,2101
5656,2106
5657,2101
5658,2107
5659,2107
5660,2109
5661,2103
5662,2105
5663,2107
5664,2105
5665,2105
5666,2108
5667,2108
5668,2108
5669,2109
5670,2110
5671,2118
5672,2112
5673,2105
5674,2109
5675,2110
5676,2107
5677,2108
5678,2108
5679,2107
5680,2108
5681,2112
5682,2108
5683,2105
5684,2123
5685,2106
5686,2105
5687,2106
5688,2107
5689,2102
5690,2095
5691,2107
5692,2112
5693,2108
5694,2106
5695,2104
5696,2110
5697,2104
5698,2104
5699,2107
5700,2108
5701,2105
5702,2106
5703,2108
5704,2105
5705,2107
5706,2116
5707,2118
5708,2116
5709,2107
5710,2105
5711,2109
5712,2104
5713,2106
5714,2105
5715,2108
5716,2099
5717,2111
5718,2110
5719,2106
5720,2107
5721,2102
5722,2106
5723,2109
5724,2111
5725,2110
5726,2109
5727,2108
5728,2109
5729,2107
5730,2107
5731,2107
5732,2107
5733,2108
5734,2106
5735,2107
5736,2108
5737,2109
5738,2110
5739,2109
5740,2108
5741,2106
5742,2109
5743,2110
5744,2109
5745,2108
5746,2107
5747,2108
5748,2095
5749,2106
5750,2105
5751,2108
5752,2105
5753,2108
5754,2106
5755,2117
5756,2108
5757,2110
5758,2108
5759,2108
5760,2106
5761,2117
5762,2108
5763,2104
5764,2108
5765,2100
5766,2111
5767,2105
5768,2109
5769,2090
5770,2106
5771,2108
5772,2110
5773,2110
5774,2115
5775,2113
5776,2105
5777,2103
5778,2100
5779,2109
5780,2108
5781,2110
5782,2098
5783,2108
5784,2109
5785,2108
5786,2108
5787,2108
5788,2100
5789,2108
5790,2106
5791,2105
5792,2108
5793,2108
5794,2107
5795,2116
5796,2106
5797,2111
5798,2108
5799,2107
5800,2106
5801,2108
5802,2106
5803,2103
5804,2104
5805,2108
5806,2108
5807,2108
5808,2110
5809,2104
5810,2107
5811,2107
5812,2110
5813,2101
5814,2111
5815,2107
5816,2107
5817,2105
5818,2109
5819,2109
5820,2106
5821,2107
5822,2106
5823,2109
5824,2109
5825,2109
5826,2102
5827,2108
5828,2106
5829,2111
5830,2116
5831,2108
5832,2110
5833,2110
5834,2106
5835,2106
5836,2106
5837,2105
5838,2108
5839,2119
5840,2102
5841,2104
5842,2105
5843,2105
5844,2109
5845,2107
5846,2108
5847,2111
5848,2101
5849,2113
5850,2109
5851,2106
5852,2105
5853,2103
5854,2108
5855,2111
5856,2107
5857,2106
5858,2106
5859,2108
5860,2109
5861,2107
5862,2108
5863,2106
5864,2107
5865,2107
5866,2109
5867,2112
5868,2108
5869,2108
5870,2107
5871,2108
5872,2107
5873,2108
5874,2107
5875,2096
5876,2108
5877,2106
5878,2104
5879,2117
5880,2111
5881,2105
5882,2107
5883,2109
5884,2106
5885,2109
5886,2109
5887,2110
5888,2106
5889,2106
5890,2109
5891,2108
5892,2107
5893,2110
5894,2106
5895,2105
5896,2110
5897,2109
5898,2110
5899,2108
5900,2109
5901,2102
5902,2113
5903,2108
5904,2109
5905,2107
5906,2106
5907,2110
5908,2113
5909,2114
5910,2108
5911,2110
5912,2106
5913,2105
5914,2110
5915,2104
5916,2111
5917,2111
5918,2117
5919,2111
5920,2111
5921,2110
5922,2112
5923,2108
5924,2104
5925,2106
5926,2107
5927,2105
5928,2112
5929,2105
5930,2105
5931,2105
5932,2103
5933,2105
5934,2106
5935,2106
5936,2106
5937,2157
5938,2110
5939,2109
5940,2108
5941,2105
5942,2106
5943,2103
5944,2105
5945,2104
5946,2109
5947,2108
5948,2110
5949,2107
5950,2110
5951,2108
5952,2108
5953,2111
5954,2109
5955,2104
5956,2107
5957,2107
5958,2110
5959,2106
5960,2106
5961,2106
5962,2108
5963,2110
5964,2107
5965,2102
5966,2105
5967,2106
5968,2108
5969,2109
5970,2109
5971,2119
5972,2109
5973,2111
5974,2110
5975,2100
5976,2105
5977,2104
5978,2108
5979,2107
5980,2105
5981,2113
5982,2105
5983,2109
5984,2110
5985,2106
5986,2107
5987,2110
5988,2112
5989,2095
5990,2096
5991,2108
5992,2109
5993,2108
5994,2108
5995,2105
5996,2105
5997,2107
5998,2107
5999,2113

