Seconds,Torque
0,2095
1,2090
2,2092
3,2092
4,2095
5,2093
6,2095
7,2097
8,2094
9,2096
10,2098
11,2094
12,2102
13,2102
14,2116
15,2094
16,2098
17,2097
18,2096
19,2100
20,2099
21,2098
22,2099
23,2145
24,2096
25,2098
26,2097
27,2096
28,2100
29,2104
30,2100
31,2092
32,2100
33,2100
34,2101
35,2104
36,2105
37,2100
38,2105
39,2102
40,2104
41,2099
42,2102
43,2100
44,2100
45,2084
46,2100
47,2093
48,2119
49,2152
50,2099
51,2098
52,2102
53,2100
54,2100
55,2102
56,2101
57,2106
58,2104
59,2114
60,2102
61,2098
62,2068
63,2102
64,2102
65,2100
66,2094
67,2072
68,2104
69,2100
70,2102
71,2100
72,2100
73,2102
74,2102
75,2104
76,2103
77,2101
78,2100
79,2100
80,2097
81,2101
82,2102
83,2101
84,2098
85,2092
86,2102
87,2101
88,2104
89,2102
90,2100
91,2105
92,2099
93,2097
94,2103
95,2101
96,2103
97,2101
98,2107
99,2108
100,2103
101,2095
102,2095
103,2099
104,2103
105,2108
106,2101
107,2101
108,2103
109,2102
110,2104
111,2101
112,2108
113,2104
114,2100
115,2100
116,2102
117,2100
118,2100
119,2090
120,2115
121,2102
122,2105
123,2101
124,2100
125,2104
126,2110
127,2113
128,2105
129,2101
130,2138
131,2141
132,2101
133,2100
134,2111
135,2094
136,2095
137,2096
138,2101
139,2102
140,2103
141,2082
142,2104
143,2102
144,2098
145,2101
146,2108
147,2101
148,2106
149,2102
150,2102
151,2099
152,2101
153,2099
154,2099
155,2139
156,2102
157,2101
158,2108
159,2097
160,2099
161,2101
162,2104
163,2103
164,2104
165,2131
166,2106
167,2103
168,2103
169,2072
170,2103
171,2099
172,2099
173,2104
174,2102
175,2101
176,2107
177,2103
178,2103
179,2100
180,2105
181,2103
182,2098
183,2081
184,2102
185,2102
186,2100
187,2103
188,2102
189,2134
190,2096
191,2102
192,2102
193,2105
194,2099
195,2101
196,2100
197,2100
198,2101
199,2148
200,2111
201,2093
202,2094
203,2101
204,2101
205,2100
206,2106
207,2103
208,2028
209,2096
210,2104
211,2100
212,2103
213,2105
214,2100
215,2102
216,2101
217,2103
218,2101
219,2102
220,2106
221,2101
222,2102
223,2080
224,2136
225,2079
226,2104
227,2102
228,2102
229,2102
230,2102
231,2100
232,2087
233,2104
234,2098
235,2101
236,2096
237,2100
238,2099
239,2100
240,2102
241,2106
242,2085
243,2094
244,2104
245,2100
246,2103
247,2094
248,2102
249,2101
250,2104
251,2102
252,2102
253,2100
254,2097
255,2114
256,2103
257,2102
258,2102
259,2105
260,2107
261,2116
262,2104
263,2099
264,2102
265,2101
266,2111
267,2104
268,2104
269,2106
270,2104
271,2102
272,2104
273,2098
274,2104
275,2098
276,2099
277,2104
278,2091
279,2100
280,2102
281,2100
282,2098
283,2099
284,2108
285,2103
286,2104
287,2101
288,2100
289,2098
290,2103
291,2112
292,2104
293,2103
294,2105
295,2101
296,2100
297,2103
298,2102
299,2079
300,2103
301,2098
302,2103
303,2101
304,2104
305,2102
306,2104
307,2098
308,2106
309,2099
310,2101
311,2106
312,2109
313,2103
314,2096
315,2103
316,2102
317,2101
318,2104
319,2097
320,2104
321,2101
322,2106
323,2105
324,2104
325,2101
326,2105
327,2099
328,2091
329,2104
330,2107
331,2102
332,2094
333,2104
334,2105
335,2101
336,2104
337,2105
338,2094
339,2102
340,2101
341,2097
342,2103
343,2101
344,2104
345,2101
346,2102
347,2090
348,2119
349,2098
350,2100
351,2107
352,2091
353,2101
354,2101
355,2107
356,2104
357,2101
358,2103
359,2092
360,2102
361,2097
362,2104
363,2099
364,2104
365,2102
366,2103
367,2069
368,2102
369,2101
370,2107
371,2099
372,2095
373,2102
374,2100
375,2101
376,2103
377,2108
378,2100
379,2100
380,2102
381,2107
382,2099
383,2100
384,2097
385,2102
386,2115
387,2098
388,2100
389,2101
390,2105
391,2102
392,2095
393,2104
394,2100
395,2103
396,2110
397,2101
398,2101
399,2102
400,2100
401,2096
402,2098
403,2106
404,2103
405,2095
406,2103
407,2106
408,2087
409,2106
410,2103
411,2101
412,2102
413,2103
414,2100
415,2102
416,2104
417,2094
418,2102
419,2090
420,2114
421,2099
422,2103
423,2106
424,2102
425,2100
426,2104
427,2101
428,2102
429,2103
430,2102
431,2104
432,2105
433,2116
434,2103
435,2100
436,2102
437,2103
438,2104
439,2100
440,2101
441,2102
442,2110
443,2106
444,2102
445,2105
446,2118
447,2106
448,2104
449,2107
450,2103
451,2102
452,2098
453,2100
454,2100
455,2088
456,2092
457,2101
458,2096
459,2099
460,2103
461,2101
462,2111
463,2103
464,2100
465,2103
466,2103
467,2105
468,2100
469,2109
470,2102
471,2104
472,2110
473,2101
474,2101
475,2101
476,2094
477,2108
478,2103
479,2103
480,2101
481,2102
482,2104
483,2100
484,2104
485,2104
486,2106
487,2106
488,2102
489,2122
490,2105
491,2097
492,2100
493,2102
494,2101
495,2101
496,2105
497,2103
498,2104
499,2101
500,2096
501,2104
502,2078
503,2098
504,2101
505,2106
506,2102
507,2100
508,2072
509,2101
510,2106
511,2102
512,2105
513,2105
514,2098
515,2107
516,2107
517,2094
518,2101
519,2103
520,2102
521,2101
522,2102
523,2100
524,2101
525,2090
526,2105
527,2098
528,2102
529,2101
530,2110
531,2109
532,2106
533,2112
534,2100
535,2101
536,2104
537,2102
538,2104
539,2099
540,2100
541,2104
542,2089
543,2088
544,2100
545,2098
546,2104
547,2114
548,2108
549,2104
550,2106
551,2101
552,2104
553,2104
554,2104
555,2109
556,2103
557,2098
558,2100
559,2100
560,2105
561,2124
562,2105
563,2103
564,2103
565,2101
566,2100
567,2103
568,2103
569,2104
570,2102
571,2118
572,2100
573,2098
574,2109
575,2100
576,2102
577,2114
578,2090
579,2100
580,2101
581,2103
582,2101
583,2102
584,2102
585,2116
586,2105
587,2102
588,2101
589,2101
590,2103
591,2092
592,2098
593,2094
594,2103
595,2094
596,2118
597,2097
598,2104
599,2097
600,2104
601,2103
602,2103
603,2101
604,2100
605,2102
606,2096
607,2095
608,2110
609,2099
610,2100
611,2099
612,2096
613,2097
614,2177
615,2111
616,2100
617,2098
618,2104
619,2099
620,2098
621,2105
622,2105
623,2102
624,2103
625,2104
626,2103
627,2101
628,2104
629,2110
630,2102
631,2099
632,2101
633,2101
634,2104
635,2102
636,2101
637,2100
638,2102
639,2101
640,2133
641,2103
642,2102
643,2099
644,2096
645,2098
646,2106
647,2095
648,2095
649,2101
650,2096
651,2101
652,2128
653,2101
654,2108
655,2103
656,2105
657,2102
658,2105
659,2100
660,2103
661,2098
662,2103
663,2111
664,2103
665,2096
666,2112
667,2118
668,2105
669,2101
670,2102
671,2102
672,2104
673,2105
674,2103
675,2102
676,2103
677,2101
678,2104
679,2103
680,2101
681,2099
682,2100
683,2102
684,2128
685,2108
686,2097
687,2098
688,2101
689,2103
690,2101
691,2102
692,2102
693,2101
694,2103
695,2101
696,2101
697,2102
698,2104
699,2103
700,2103
701,2088
702,2106
703,2099
704,2103
705,2084
706,2104
707,2101
708,2106
709,2101
710,2107
711,2106
712,2109
713,2103
714,2100
715,2105
716,2104
717,2101
718,2103
719,2086
720,2122
721,2100
722,2105
723,2108
724,2095
725,2100
726,2108
727,2104
728,2102
729,2102
730,2088
731,2104
732,2102
733,2102
734,2103
735,2098
736,2103
737,2100
738,2098
739,2098
740,2102
741,2092
742,2102
743,2103
744,2103
745,2097
746,2104
747,2100
748,2103
749,2117
750,2169
751,2099
752,2107
753,2096
754,2095
755,2100
756,2104
757,2105
758,2091
759,2096
760,2102
761,2100
762,2106
763,2113
764,2105
765,2101
766,2102
767,2101
768,2101
769,2105
770,2099
771,2100
772,2109
773,2104
774,2098
775,2101
776,2108
777,2099
778,2103
779,2100
780,2100
781,2104
782,2102
783,2091
784,2103
785,2103
786,2111
787,2102
788,2093
789,2110
790,2100
791,2100
792,2102
793,2100
794,2101
795,2102
796,2101
797,2103
798,2100
799,2102
800,2086
801,2101
802,2110
803,2101
804,2101
805,2102
806,2100
807,2103
808,2127
809,2100
810,2105
811,2109
812,2107
813,2100
814,2106
815,2105
816,2106
817,2103
818,2103
819,2100
820,2104
821,2098
822,2105
823,2101
824,2096
825,2086
826,2103
827,2102
828,2104
829,2096
830,2101
831,2104
832,2103
833,2102
834,2104
835,2100
836,2104
837,2105
838,2102
839,2099
840,2101
841,2104
842,2093
843,2101
844,2103
845,2102
846,2102
847,2103
848,2100
849,2103
850,2090
851,2104
852,2103
853,2101
854,2103
855,2113
856,2106
857,2102
858,2105
859,2104
860,2106
861,2126
862,2094
863,2100
864,2099
865,2101
866,2103
867,2103
868,2104
869,2100
870,2098
871,2098
872,2102
873,2100
874,2103
875,2102
876,2101
877,2104
878,2101
879,2095
880,2104
881,2101
882,2100
883,2104
884,2106
885,2102
886,2105
887,2102
888,2105
889,2101
890,2100
891,2102
892,2102
893,2100
894,2100
895,2102
896,2101
897,2103
898,2104
899,2089
900,2108
901,2102
902,2100
903,2100
904,2098
905,2102
906,2072
907,2104
908,2106
909,2102
910,2098
911,2102
912,2093
913,2096
914,2112
915,2095
916,2105
917,2107
918,2104
919,2104
920,2104
921,2098
922,2103
923,2100
924,2103
925,2100
926,2103
927,2102
928,2102
929,2109
930,2102
931,2087
932,2097
933,2102
934,2102
935,2100
936,2102
937,2101
938,2103
939,2101
940,2103
941,2103
942,2100
943,2102
944,2100
945,2099
946,2096
947,2103
948,2104
949,2099
950,2066
951,2101
952,2098
953,2099
954,2101
955,2102
956,2100
957,2100
958,2101
959,2096
960,2104
961,2095
962,2094
963,2086
964,2101
965,2102
966,2093
967,2111
968,2102
969,2104
970,2100
971,2102
972,2106
973,2108
974,2103
975,2098
976,2103
977,2103
978,2102
979,2088
980,2101
981,2102
982,2102
983,2086
984,2116
985,2098
986,2101
987,2095
988,2111
989,2101
990,2101
991,2103
992,2104
993,2102
994,2101
995,2101
996,2101
997,2103
998,2104
999,2103
1000,2104
1001,2101
1002,2102
1003,2102
1004,2100
1005,2094
1006,2100
1007,2102
1008,2102
1009,2101
1010,2104
1011,2101
1012,2106
1013,2105
1014,2094
1015,2103
1016,2099
1017,2101
1018,2105
1019,2100
1020,2104
1021,2100
1022,2102
1023,2101
1024,2102
1025,2098
1026,2103
1027,2098
1028,2101
1029,2100
1030,2109
1031,2105
1032,2101
1033,2098
1034,2098
1035,2099
1036,2103
1037,2099
1038,2102
1039,2101
1040,2102
1041,2100
1042,2101
1043,2101
1044,2104
1045,2098
1046,2098
1047,2105
1048,2104
1049,2058
1050,2100
1051,2106
1052,2104
1053,2102
1054,2101
1055,2102
1056,2102
1057,2100
1058,2095
1059,2095
1060,2102
1061,2100
1062,2102
1063,2100
1064,2102
1065,2102
1066,2105
1067,2104
1068,2101
1069,2102
1070,2103
1071,2100
1072,2109
1073,2099
1074,2103
1075,2096
1076,2102
1077,2101
1078,2104
1079,2102
1080,2102
1081,2099
1082,2101
1083,2100
1084,2102
1085,2102
1086,2101
1087,2102
1088,2093
1089,2100
1090,2095
1091,2107
1092,2104
1093,2101
1094,2103
1095,2102
1096,2104
1097,2104
1098,2099
1099,2098
1100,2102
1101,2103
1102,2097
1103,2101
1104,2092
1105,2101
1106,2098
1107,2100
1108,2169
1109,2101
1110,2102
1111,2105
1112,2103
1113,2102
1114,2104
1115,2100
1116,2104
1117,2103
1118,2126
1119,2102
1120,2102
1121,2094
1122,2101
1123,2101
1124,2103
1125,2098
1126,2100
1127,2104
1128,2102
1129,2100
1130,2102
1131,2101
1132,2103
1133,2102
1134,2108
1135,2104
1136,2103
1137,2104
1138,2104
1139,2100
1140,2106
1141,2104
1142,2103
1143,2099
1144,2100
1145,2104
1146,2101
1147,2107
1148,2106
1149,2101
1150,2105
1151,2101
1152,2106
1153,2101
1154,2102
1155,2109
1156,2101
1157,2104
1158,2103
1159,2104
1160,2097
1161,2078
1162,2104
1163,2096
1164,2105
1165,2100
1166,2102
1167,2100
1168,2096
1169,2102
1170,2103
1171,2105
1172,2098
1173,2099
1174,2104
1175,2094
1176,2100
1177,2100
1178,2108
1179,2107
1180,2099
1181,2102
1182,2102
1183,2100
1184,2103
1185,2089
1186,2111
1187,2103
1188,2103
1189,2102
1190,2102
1191,2100
1192,2100
1193,2104
1194,2103
1195,2107
1196,2104
1197,2100
1198,2103
1199,2079
1200,2107
1201,2098
1202,2103
1203,2102
1204,2104
1205,2101
1206,2105
1207,2099
1208,2103
1209,2100
1210,2100
1211,2100
1212,2104
1213,2120
1214,2098
1215,2099
1216,2104
1217,2101
1218,2101
1219,2100
1220,2102
1221,2106
1222,2099
1223,2104
1224,2103
1225,2104
1226,2103
1227,2102
1228,2103
1229,2104
1230,2103
1231,2100
1232,2095
1233,2100
1234,2098
1235,2100
1236,2096
1237,2101
1238,2104
1239,2101
1240,2101
1241,2102
1242,2103
1243,2101
1244,2102
1245,2107
1246,2104
1247,2101
1248,2101
1249,2087
1250,2105
1251,2099
1252,2081
1253,2099
1254,2103
1255,2102
1256,2103
1257,2101
1258,2104
1259,2100
1260,2102
1261,2098
1262,2100
1263,2101
1264,2099
1265,2099
1266,2094
1267,2103
1268,2102
1269,2100
1270,2102
1271,2086
1272,2103
1273,2103
1274,2104
1275,2101
1276,2108
1277,2102
1278,2105
1279,2102
1280,2104
1281,2104
1282,2100
1283,2102
1284,2122
1285,2103
1286,2100
1287,2099
1288,2100
1289,2102
1290,2104
1291,2101
1292,2103
1293,2103
1294,2104
1295,2102
1296,2098
1297,2100
1298,2102
1299,2100
1300,2108
1301,2102
1302,2104
1303,2099
1304,2100
1305,2092
1306,2104
1307,2106
1308,2109
1309,2104
1310,2103
1311,2104
1312,2108
1313,2102
1314,2105
1315,2102
1316,2100
1317,2098
1318,2102
1319,2096
1320,2106
1321,2096
1322,2094
1323,2109
1324,2102
1325,2103
1326,2102
1327,2105
1328,2103
1329,2099
1330,2101
1331,2101
1332,2098
1333,2104
1334,2102
1335,2100
1336,2100
1337,2101
1338,2100
1339,2101
1340,2104
1341,2104
1342,2102
1343,2102
1344,2098
1345,2099
1346,2102
1347,2100
1348,2110
1349,2062
1350,2104
1351,2100
1352,2103
1353,2104
1354,2098
1355,2098
1356,2103
1357,2100
1358,2093
1359,2103
1360,2103
1361,2101
1362,2104
1363,2104
1364,2103
1365,2107
1366,2100
1367,2102
1368,2100
1369,2102
1370,2108
1371,2100
1372,2104
1373,2105
1374,2101
1375,2099
1376,2100
1377,2103
1378,2101
1379,2103
1380,2104
1381,2059
1382,2101
1383,2104
1384,2103
1385,2103
1386,2101
1387,2101
1388,2098
1389,2096
1390,2096
1391,2100
1392,2102
1393,2096
1394,2108
1395,2102
1396,2102
1397,2100
1398,2110
1399,2104
1400,2103
1401,2100
1402,2101
1403,2101
1404,2105
1405,2101
1406,2099
1407,2100
1408,2135
1409,2105
1410,2100
1411,2108
1412,2101
1413,2103
1414,2106
1415,2104
1416,2100
1417,2111
1418,2103
1419,2101
1420,2102
1421,2106
1422,2108
1423,2102
1424,2101
1425,2087
1426,2105
1427,2100
1428,2100
1429,2102
1430,2103
1431,2102
1432,2099
1433,2102
1434,2099
1435,2101
1436,2104
1437,2100
1438,2102
1439,2099
1440,2102
1441,2101
1442,2111
1443,2098
1444,2105
1445,2092
1446,2099
1447,2104
1448,2102
1449,2099
1450,2097
1451,2100
1452,2104
1453,2105
1454,2101
1455,2101
1456,2103
1457,2100
1458,2103
1459,2098
1460,2104
1461,2087
1462,2100
1463,2102
1464,2106
1465,2104
1466,2104
1467,2104
1468,2100
1469,2101
1470,2104
1471,2100
1472,2103
1473,2103
1474,2104
1475,2102
1476,2099
1477,2098
1478,2091
1479,2092
1480,2101
1481,2099
1482,2085
1483,2103
1484,2100
1485,2101
1486,2108
1487,2105
1488,2103
1489,2100
1490,2102
1491,2103
1492,2102
1493,2097
1494,2102
1495,2107
1496,2100
1497,2098
1498,2102
1499,2128
1500,2100
1501,2103
1502,2100
1503,2105
1504,2104
1505,2102
1506,2104
1507,2100
1508,2102
1509,2100
1510,2102
1511,2116
1512,2096
1513,2102
1514,2138
1515,2101
1516,2111
1517,2101
1518,2104
1519,2100
1520,2103
1521,2104
1522,2108
1523,2101
1524,2095
1525,2103
1526,2103
1527,2101
1528,2102
1529,2097
1530,2102
1531,2100
1532,2100
1533,2100
1534,2102
1535,2100
1536,2102
1537,2095
1538,2103
1539,2102
1540,2101
1541,2102
1542,2099
1543,2105
1544,2101
1545,2104
1546,2108
1547,2105
1548,2095
1549,2112
1550,2098
1551,2102
1552,2104
1553,2100
1554,2105
1555,2103
1556,2101
1557,2100
1558,2110
1559,2095
1560,2103
1561,2096
1562,2103
1563,2103
1564,2114
1565,2100
1566,2092
1567,2102
1568,2099
1569,2099
1570,2098
1571,2100
1572,2101
1573,2099
1574,2102
1575,2103
1576,2106
1577,2102
1578,2101
1579,2098
1580,2103
1581,2096
1582,2101
1583,2103
1584,2103
1585,2099
1586,2104
1587,2099
1588,2101
1589,2103
1590,2104
1591,2101
1592,2104
1593,2105
1594,2101
1595,2102
1596,2101
1597,2104
1598,2102
1599,2104
1600,2107
1601,2097
1602,2106
1603,2101
1604,2110
1605,2092
1606,2103
1607,2100
1608,2102
1609,2104
1610,2102
1611,2098
1612,2101
1613,2102
1614,2105
1615,2103
1616,2122
1617,2103
1618,2105
1619,2102
1620,2098
1621,2100
1622,2102
1623,2098
1624,2100
1625,2101
1626,2099
1627,2103
1628,2101
1629,2098
1630,2104
1631,2103
1632,2102
1633,2101
1634,2100
1635,2098
1636,2104
1637,2109
1638,2100
1639,2100
1640,2103
1641,2103
1642,2102
1643,2098
1644,2102
1645,2099
1646,2104
1647,2102
1648,2101
1649,2136
1650,2094
1651,2101
1652,2100
1653,2099
1654,2081
1655,2104
1656,2098
1657,2098
1658,2095
1659,2101
1660,2108
1661,2102
1662,2104
1663,2104
1664,2103
1665,2102
1666,2102
1667,2098
1668,2100
1669,2101
1670,2108
1671,2105
1672,2091
1673,2097
1674,2104
1675,2102
1676,2096
1677,2105
1678,2104
1679,2102
1680,2100
1681,2100
1682,2095
1683,2087
1684,2105
1685,2104
1686,2103
1687,2098
1688,2092
1689,2092
1690,2101
1691,2094
1692,2100
1693,2097
1694,2097
1695,2104
1696,2105
1697,2105
1698,2105
1699,2102
1700,2102
1701,2104
1702,2134
1703,2083
1704,2103
1705,2099
1706,2099
1707,2096
1708,2098
1709,2096
1710,2100
1711,2102
1712,2102
1713,2101
1714,2106
1715,2103
1716,2101
1717,2108
1718,2101
1719,2101
1720,2103
1721,2098
1722,2102
1723,2105
1724,2113
1725,2103
1726,2103
1727,2098
1728,2104
1729,2100
1730,2097
1731,2101
1732,2105
1733,2102
1734,2106
1735,2106
1736,2105
1737,2100
1738,2105
1739,2110
1740,2108
1741,2101
1742,2104
1743,2100
1744,2104
1745,2096
1746,2105
1747,2097
1748,2106
1749,2102
1750,2109
1751,2101
1752,2102
1753,2099
1754,2104
1755,2096
1756,2108
1757,2098
1758,2101
1759,2102
1760,2096
1761,2099
1762,2104
1763,2098
1764,2099
1765,2107
1766,2100
1767,2101
1768,2104
1769,2102
1770,2105
1771,2100
1772,2097
1773,2100
1774,2102
1775,2104
1776,2105
1777,2105
1778,2104
1779,2091
1780,2104
1781,2103
1782,2103
1783,2102
1784,2096
1785,2103
1786,2100
1787,2096
1788,2104
1789,2100
1790,2105
1791,2098
1792,2102
1793,2097
1794,2100
1795,2065
1796,2101
1797,2099
1798,2103
1799,2075
1800,2143
1801,2103
1802,2101
1803,2091
1804,2100
1805,2097
1806,2111
1807,2100
1808,2096
1809,2102
1810,2106
1811,2102
1812,2095
1813,2106
1814,2143
1815,2099
1816,2100
1817,2103
1818,2099
1819,2099
1820,2104
1821,2099
1822,2104
1823,2103
1824,2101
1825,2098
1826,2109
1827,2102
1828,2103
1829,2093
1830,2097
1831,2097
1832,2105
1833,2098
1834,2101
1835,2099
1836,2102
1837,2101
1838,2101
1839,2103
1840,2104
1841,2106
1842,2104
1843,2105
1844,2104
1845,2104
1846,2117
1847,2103
1848,2099
1849,2101
1850,2098
1851,2090
1852,2096
1853,2097
1854,2105
1855,2104
1856,2101
1857,2095
1858,2108
1859,2102
1860,2107
1861,2103
1862,2100
1863,2103
1864,2105
1865,2084
1866,2102
1867,2070
1868,2098
1869,2097
1870,2090
1871,2102
1872,2104
1873,2104
1874,2108
1875,2109
1876,2104
1877,2104
1878,2102
1879,2101
1880,2099
1881,2100
1882,2102
1883,2096
1884,2092
1885,2098
1886,2102
1887,2098
1888,2102
1889,2106
1890,2103
1891,2104
1892,2097
1893,2105
1894,2104
1895,2099
1896,2099
1897,2102
1898,2102
1899,2101
1900,2111
1901,2097
1902,2096
1903,2103
1904,2103
1905,2113
1906,2104
1907,2104
1908,2112
1909,2103
1910,2103
1911,2102
1912,2119
1913,2096
1914,2100
1915,2098
1916,2100
1917,2104
1918,2104
1919,2106
1920,2105
1921,2104
1922,2100
1923,2096
1924,2102
1925,2099
1926,2104
1927,2100
1928,2104
1929,2104
1930,2102
1931,2099
1932,2102
1933,2098
1934,2098
1935,2113
1936,2098
1937,2115
1938,2103
1939,2101
1940,2095
1941,2102
1942,2097
1943,2100
1944,2100
1945,2103
1946,2100
1947,2101
1948,2105
1949,2141
1950,2102
1951,2102
1952,2096
1953,2105
1954,2101
1955,2102
1956,2098
1957,2102
1958,2082
1959,2096
1960,2100
1961,2104
1962,2103
1963,2099
1964,2099
1965,2103
1966,2103
1967,2096
1968,2099
1969,2102
1970,2107
1971,2101
1972,2091
1973,2102
1974,2100
1975,2105
1976,2106
1977,2103
1978,2100
1979,2100
1980,2104
1981,2114
1982,2102
1983,2098
1984,2102
1985,2102
1986,2098
1987,2100
1988,2104
1989,2132
1990,2101
1991,2103
1992,2111
1993,2096
1994,2101
1995,2107
1996,2104
1997,2098
1998,2095
1999,2102
2000,2106
2001,2106
2002,2100
2003,2105
2004,2121
2005,2102
2006,2100
2007,2100
2008,2175
2009,2102
2010,2109
2011,2100
2012,2101
2013,2103
2014,2105
2015,2102
2016,2103
2017,2102
2018,2100
2019,2102
2020,2096
2021,2101
2022,2099
2023,2100
2024,2106
2025,2094
2026,2103
2027,2094
2028,2103
2029,2098
2030,2101
2031,2102
2032,2103
2033,2093
2034,2105
2035,2099
2036,2105
2037,2101
2038,2094
2039,2101
2040,2104
2041,2103
2042,2110
2043,2095
2044,2101
2045,2099
2046,2103
2047,2102
2048,2101
2049,2100
2050,2101
2051,2103
2052,2099
2053,2103
2054,2105
2055,2092
2056,2098
2057,2105
2058,2104
2059,2096
2060,2105
2061,2126
2062,2102
2063,2094
2064,2099
2065,2104
2066,2094
2067,2104
2068,2100
2069,2112
2070,2096
2071,2124
2072,2102
2073,2103
2074,2102
2075,2105
2076,2102
2077,2092
2078,2096
2079,2094
2080,2100
2081,2100
2082,2104
2083,2100
2084,2100
2085,2107
2086,2100
2087,2097
2088,2103
2089,2100
2090,2100
2091,2105
2092,2101
2093,2110
2094,2103
2095,2107
2096,2102
2097,2099
2098,2100
2099,2056
2100,2114
2101,2094
2102,2097
2103,2102
2104,2103
2105,2101
2106,2101
2107,2105
2108,2095
2109,2090
2110,2107
2111,2105
2112,2100
2113,2094
2114,1989
2115,2101
2116,2099
2117,2102
2118,2102
2119,2101
2120,2100
2121,2100
2122,2107
2123,2105
2124,2104
2125,2106
2126,2104
2127,2108
2128,2098
2129,2095
2130,2100
2131,2099
2132,2100
2133,2097
2134,2107
2135,2092
2136,2097
2137,2106
2138,2121
2139,2092
2140,2110
2141,2104
2142,2100
2143,2101
2144,2102
2145,2098
2146,2104
2147,2104
2148,2098
2149,2088
2150,2099
2151,2102
2152,2073
2153,2108
2154,2100
2155,2102
2156,2098
2157,2096
2158,2104
2159,2098
2160,2105
2161,2116
2162,2102
2163,2103
2164,2105
2165,2100
2166,2102
2167,2118
2168,2096
2169,2098
2170,2103
2171,2104
2172,2104
2173,2101
2174,2099
2175,2100
2176,2100
2177,2100
2178,2102
2179,2097
2180,2103
2181,2101
2182,2101
2183,2101
2184,2120
2185,2102
2186,2103
2187,2101
2188,2098
2189,2100
2190,2104
2191,2103
2192,2099
2193,2103
2194,2108
2195,2102
2196,2099
2197,2103
2198,2101
2199,2107
2200,2104
2201,2102
2202,2094
2203,2098
2204,2108
2205,2109
2206,2100
2207,2094
2208,2098
2209,2102
2210,2102
2211,2090
2212,2100
2213,2103
2214,2101
2215,2102
2216,2101
2217,2104
2218,2106
2219,2094
2220,2121
2221,2102
2222,2099
2223,2094
2224,2111
2225,2100
2226,2101
2227,2100
2228,2105
2229,2105
2230,2099
2231,2103
2232,2103
2233,2100
2234,2079
2235,2103
2236,2108
2237,2100
2238,2102
2239,2102
2240,2099
2241,2104
2242,2105
2243,2100
2244,2098
2245,2100
2246,2098
2247,2100
2248,2098
2249,2103
2250,2106
2251,2103
2252,2100
2253,2101
2254,2102
2255,2101
2256,2100
2257,2102
2258,2112
2259,2100
2260,2105
2261,2105
2262,2105
2263,2096
2264,2101
2265,2088
2266,2107
2267,2099
2268,2098
2269,2102
2270,2101
2271,2101
2272,2102
2273,2109
2274,2100
2275,2108
2276,2103
2277,2101
2278,2100
2279,2110
2280,2112
2281,2102
2282,2102
2283,2099
2284,2103
2285,2100
2286,2100
2287,2098
2288,2102
2289,2095
2290,2105
2291,2102
2292,2093
2293,2104
2294,2099
2295,2101
2296,2106
2297,2102
2298,2104
2299,2104
2300,2102
2301,2100
2302,2095
2303,2101
2304,2097
2305,2103
2306,2102
2307,2102
2308,2066
2309,2104
2310,2104
2311,2096
2312,2106
2313,2104
2314,2097
2315,2104
2316,2104
2317,2097
2318,2097
2319,2105
2320,2098
2321,2100
2322,2101
2323,2104
2324,2104
2325,2087
2326,2105
2327,2102
2328,2101
2329,2131
2330,2103
2331,2101
2332,2102
2333,2100
2334,2104
2335,2103
2336,2103
2337,2101
2338,2100
2339,2094
2340,2102
2341,2112
2342,2084
2343,2098
2344,2096
2345,2102
2346,2105
2347,2100
2348,2097
2349,2102
2350,2101
2351,2100
2352,2106
2353,2104
2354,2103
2355,2100
2356,2105
2357,2095
2358,2105
2359,2110
2360,2101
2361,2081
2362,2100
2363,2103
2364,2100
2365,2107
2366,2101
2367,2105
2368,2105
2369,2101
2370,2104
2371,2103
2372,2103
2373,2100
2374,2106
2375,2088
2376,2103
2377,2097
2378,2099
2379,2105
2380,2098
2381,2101
2382,2096
2383,2103
2384,2102
2385,2102
2386,2104
2387,2103
2388,2104
2389,2100
2390,2099
2391,2103
2392,2103
2393,2109
2394,2100
2395,2093
2396,2104
2397,2104
2398,2111
2399,2096
2400,2103
2401,2100
2402,2105
2403,2104
2404,2102
2405,2101
2406,2100
2407,2106
2408,2096
2409,2096
2410,2102
2411,2100
2412,2104
2413,2101
2414,2102
2415,2102
2416,2096
2417,2103
2418,2096
2419,2102
2420,2102
2421,2104
2422,2103
2423,2101
2424,2103
2425,2103
2426,2100
2427,2092
2428,2106
2429,2100
2430,2082
2431,2103
2432,2105
2433,2094
2434,2102
2435,2114
2436,2103
2437,2095
2438,2096
2439,2098
2440,2103
2441,2101
2442,2100
2443,2104
2444,2108
2445,2098
2446,2104
2447,2098
2448,2098
2449,2102
2450,2102
2451,2103
2452,2088
2453,2100
2454,2103
2455,2111
2456,2104
2457,2101
2458,2116
2459,2104
2460,2104
2461,2110
2462,2103
2463,2096
2464,2101
2465,2089
2466,2093
2467,2079
2468,2100
2469,2101
2470,2100
2471,2099
2472,2103
2473,2105
2474,2102
2475,2104
2476,2103
2477,2102
2478,2107
2479,2084
2480,2104
2481,2104
2482,2103
2483,2096
2484,2080
2485,2094
2486,2098
2487,2099
2488,2105
2489,2098
2490,2103
2491,2103
2492,2103
2493,2098
2494,2108
2495,2106
2496,2101
2497,2100
2498,2103
2499,2106
2500,2104
2501,2104
2502,2103
2503,2098
2504,2096
2505,2112
2506,2110
2507,2102
2508,2102
2509,2103
2510,2101
2511,2104
2512,2102
2513,2103
2514,2106
2515,2112
2516,2100
2517,2106
2518,2105
2519,2098
2520,2097
2521,2101
2522,2102
2523,2104
2524,2101
2525,2101
2526,2101
2527,2098
2528,2103
2529,2095
2530,2100
2531,2098
2532,2102
2533,2098
2534,2104
2535,2100
2536,2102
2537,2102
2538,2099
2539,2095
2540,2112
2541,2102
2542,2109
2543,2099
2544,2102
2545,2098
2546,2102
2547,2100
2548,2105
2549,2066
2550,2100
2551,2098
2552,2098
2553,2104
2554,2105
2555,2093
2556,2106
2557,2102
2558,2106
2559,2102
2560,2102
2561,2101
2562,2107
2563,2103
2564,2101
2565,2100
2566,2106
2567,2094
2568,2102
2569,2104
2570,2104
2571,2105
2572,2094
2573,2100
2574,2108
2575,2098
2576,2098
2577,2098
2578,2100
2579,2102
2580,2104
2581,2102
2582,2102
2583,2099
2584,2102
2585,2104
2586,2101
2587,2100
2588,2093
2589,2099
2590,2100
2591,2101
2592,2109
2593,2102
2594,2101
2595,2098
2596,2105
2597,2105
2598,2100
2599,2104
2600,2102
2601,2100
2602,2089
2603,2103
2604,2110
2605,2102
2606,2100
2607,2104
2608,2101
2609,2098
2610,2101
2611,2098
2612,2105
2613,2096
2614,2127
2615,2103
2616,2105
2617,2099
2618,2104
2619,2105
2620,2102
2621,2096
2622,2110
2623,2098
2624,2102
2625,2107
2626,2086
2627,2098
2628,2096
2629,2100
2630,2097
2631,2099
2632,2104
2633,2104
2634,2103
2635,2099
2636,2100
2637,2102
2638,2079
2639,2099
2640,2101
2641,2093
2642,2102
2643,2100
2644,2104
2645,2098
2646,2101
2647,2098
2648,2105
2649,2103
2650,2108
2651,2100
2652,2102
2653,2102
2654,2098
2655,2100
2656,2103
2657,2098
2658,2101
2659,2098
2660,2100
2661,2090
2662,2110
2663,2098
2664,2095
2665,2103
2666,2103
2667,2101
2668,2103
2669,2100
2670,2099
2671,2102
2672,2108
2673,2097
2674,2103
2675,2098
2676,2103
2677,2104
2678,2095
2679,2102
2680,2097
2681,2097
2682,2098
2683,2102
2684,2100
2685,2100
2686,2106
2687,2105
2688,2102
2689,2103
2690,2105
2691,2112
2692,2099
2693,2108
2694,2105
2695,2090
2696,2109
2697,2123
2698,2101
2699,2144
2700,2105
2701,2102
2702,2102
2703,2103
2704,2105
2705,2100
2706,2104
2707,2104
2708,2098
2709,2107
2710,2102
2711,2100
2712,2104
2713,2104
2714,2042
2715,2097
2716,2102
2717,2104
2718,2099
2719,2105
2720,2100
2721,2095
2722,2102
2723,2102
2724,2104
2725,2099
2726,2102
2727,2098
2728,2104
2729,2096
2730,2106
2731,2108
2732,2102
2733,2100
2734,2102
2735,2104
2736,2100
2737,2103
2738,2100
2739,2103
2740,2104
2741,2103
2742,2104
2743,2105
2744,2104
2745,2098
2746,2102
2747,2101
2748,2103
2749,2098
2750,2100
2751,2103
2752,2120
2753,2099
2754,2102
2755,2104
2756,2100
2757,2100
2758,2104
2759,2100
2760,2094
2761,2103
2762,2102
2763,2098
2764,2102
2765,2097
2766,2102
2767,2098
2768,2105
2769,2100
2770,2097
2771,2096
2772,2105
2773,2104
2774,2103
2775,2095
2776,2099
2777,2111
2778,2108
2779,2102
2780,2101
2781,2101
2782,2101
2783,2096
2784,2103
2785,2101
2786,2105
2787,2099
2788,2135
2789,2110
2790,2104
2791,2100
2792,2101
2793,2102
2794,2102
2795,2101
2796,2099
2797,2100
2798,2102
2799,2107
2800,2111
2801,2106
2802,2100
2803,2100
2804,2096
2805,2106
2806,2094
2807,2100
2808,2102
2809,2103
2810,2098
2811,2108
2812,2108
2813,2102
2814,2101
2815,2102
2816,2098
2817,2100
2818,2102
2819,2096
2820,2102
2821,2100
2822,2109
2823,2088
2824,2101
2825,2102
2826,2103
2827,2101
2828,2113
2829,2104
2830,2098
2831,2098
2832,2107
2833,2117
2834,2100
2835,2097
2836,2104
2837,2103
2838,2095
2839,2103
2840,2100
2841,2102
2842,2107
2843,2103
2844,2110
2845,2106
2846,2102
2847,2099
2848,2105
2849,2117
2850,2101
2851,2101
2852,2102
2853,2104
2854,2100
2855,2100
2856,2092
2857,2100
2858,2104
2859,2101
2860,2104
2861,2100
2862,2104
2863,2103
2864,2094
2865,2100
2866,2104
2867,2104
2868,2100
2869,2101
2870,2104
2871,2101
2872,2105
2873,2091
2874,2101
2875,2103
2876,2101
2877,2101
2878,2104
2879,2099
2880,2105
2881,2101
2882,2104
2883,2102
2884,2103
2885,2097
2886,2103
2887,2102
2888,2103
2889,2090
2890,2103
2891,2102
2892,2102
2893,2099
2894,2098
2895,2100
2896,2103
2897,2113
2898,2085
2899,2101
2900,2108
2901,2102
2902,2101
2903,2100
2904,2102
2905,2094
2906,2103
2907,2104
2908,2149
2909,2104
2910,2098
2911,2093
2912,2100
2913,2105
2914,2110
2915,2104
2916,2106
2917,2102
2918,2105
2919,2104
2920,2104
2921,2099
2922,2072
2923,2108
2924,2110
2925,2087
2926,2106
2927,2101
2928,2102
2929,2100
2930,2100
2931,2103
2932,2101
2933,2101
2934,2117
2935,2111
2936,2103
2937,2099
2938,2103
2939,2103
2940,2103
2941,2097
2942,2103
2943,2097
2944,2099
2945,2099
2946,2105
2947,2102
2948,2102
2949,2098
2950,2103
2951,2100
2952,2106
2953,2103
2954,2108
2955,2097
2956,2104
2957,2122
2958,2102
2959,2100
2960,2098
2961,2107
2962,2103
2963,2103
2964,2100
2965,2098
2966,2102
2967,2090
2968,2117
2969,2100
2970,2105
2971,2098
2972,2112
2973,2100
2974,2100
2975,2102
2976,2100
2977,2101
2978,2103
2979,2103
2980,2100
2981,2102
2982,2098
2983,2095
2984,2100
2985,2092
2986,2101
2987,2100
2988,2104
2989,2105
2990,2102
2991,2093
2992,2102
2993,2100
2994,2101
2995,2110
2996,2095
2997,2096
2998,2099
2999,2094
3000,2103
3001,2094
3002,2098
3003,2102
3004,2101
3005,2102
3006,2101
3007,2100
3008,2106
3009,2102
3010,2105
3011,2104
3012,2110
3013,2104
3014,2110
3015,2097
3016,2101
3017,2100
3018,2103
3019,2102
3020,2099
3021,2096
3022,2094
3023,2097
3024,2096
3025,2105
3026,2102
3027,2101
3028,2101
3029,2104
3030,2102
3031,2098
3032,2096
3033,2100
3034,2100
3035,2102
3036,2110
3037,2108
3038,2101
3039,2103
3040,2104
3041,2102
3042,2104
3043,2104
3044,2105
3045,2103
3046,2091
3047,2096
3048,2108
3049,2098
3050,2100
3051,2097
3052,2104
3053,2110
3054,2102
3055,2102
3056,2088
3057,2113
3058,2103
3059,2099
3060,2103
3061,2100
3062,2105
3063,2102
3064,2102
3065,2096
3066,2106
3067,2080
3068,2103
3069,2100
3070,2099
3071,2103
3072,2104
3073,2101
3074,2104
3075,2100
3076,2114
3077,2100
3078,2108
3079,2102
3080,2100
3081,2101
3082,2099
3083,2103
3084,2102
3085,2096
3086,2104
3087,2102
3088,2101
3089,2103
3090,2101
3091,2094
3092,2103
3093,2099
3094,2102
3095,2098
3096,2099
3097,2104
3098,2100
3099,2106
3100,2100
3101,2102
3102,2101
3103,2101
3104,2097
3105,2099
3106,2099
3107,2099
3108,2104
3109,2103
3110,2100
3111,2103
3112,2117
3113,2101
3114,2105
3115,2092
3116,2104
3117,2100
3118,2103
3119,2100
3120,2122
3121,2099
3122,2103
3123,2094
3124,2108
3125,2105
3126,2097
3127,2105
3128,2103
3129,2100
3130,2101
3131,2099
3132,2106
3133,2100
3134,2101
3135,2100
3136,2102
3137,2103
3138,2103
3139,2100
3140,2098
3141,2089
3142,2103
3143,2102
3144,2103
3145,2100
3146,2089
3147,2099
3148,2110
3149,2100
3150,2102
3151,2101
3152,2099
3153,2099
3154,2103
3155,2102
3156,2103
3157,2087
3158,2104
3159,2081
3160,2102
3161,2098
3162,2102
3163,2100
3164,2102
3165,2102
3166,2103
3167,2104
3168,2100
3169,2098
3170,2101
3171,2111
3172,2103
3173,2102
3174,2091
3175,2098
3176,2103
3177,2100
3178,2100
3179,2105
3180,2104
3181,2102
3182,2104
3183,2100
3184,2100
3185,2100
3186,2104
3187,2084
3188,2102
3189,2100
3190,2100
3191,2116
3192,2108
3193,2105
3194,2096
3195,2102
3196,2103
3197,2099
3198,2102
3199,2106
3200,2102
3201,2098
3202,2088
3203,2101
3204,2108
3205,2098
3206,2102
3207,2102
3208,2064
3209,2100
3210,2100
3211,2100
3212,2101
3213,2104
3214,2103
3215,2102
3216,2104
3217,2102
3218,2102
3219,2102
3220,2102
3221,2098
3222,2095
3223,2104
3224,2099
3225,2110
3226,2098
3227,2105
3228,2098
3229,2101
3230,2103
3231,2100
3232,2102
3233,2102
3234,2098
3235,2102
3236,2101
3237,2110
3238,2100
3239,2106
3240,2099
3241,2096
3242,2098
3243,2117
3244,2090
3245,2099
3246,2104
3247,2102
3248,2104
3249,2099
3250,2104
3251,2112
3252,2102
3253,2100
3254,2112
3255,2119
3256,2104
3257,2100
3258,2103
3259,2098
3260,2105
3261,2116
3262,2102
3263,2100
3264,2101
3265,2103
3266,2103
3267,2101
3268,2103
3269,2102
3270,2105
3271,2096
3272,2102
3273,2099
3274,2105
3275,2100
3276,2104
3277,2097
3278,2080
3279,2098
3280,2102
3281,2101
3282,2103
3283,2101
3284,2099
3285,2100
3286,2101
3287,2102
3288,2106
3289,2102
3290,2100
3291,2100
3292,2105
3293,2105
3294,2103
3295,2092
3296,2100
3297,2101
3298,2098
3299,2094
3300,2105
3301,2104
3302,2104
3303,2099
3304,2104
3305,2098
3306,2103
3307,2091
3308,2111
3309,2098
3310,2102
3311,2105
3312,2077
3313,2113
3314,2120
3315,2106
3316,2101
3317,2099
3318,2104
3319,2104
3320,2113
3321,2096
3322,2101
3323,2105
3324,2101
3325,2100
3326,2102
3327,2102
3328,2104
3329,2111
3330,2102
3331,2098
3332,2098
3333,2102
3334,2103
3335,2103
3336,2099
3337,2098
3338,2107
3339,2102
3340,2098
3341,2106
3342,2104
3343,2100
3344,2104
3345,2100
3346,2101
3347,2102
3348,2107
3349,2096
3350,2112
3351,2101
3352,2127
3353,2102
3354,2103
3355,2098
3356,2102
3357,2098
3358,2102
3359,2101
3360,2103
3361,2101
3362,2101
3363,2102
3364,2110
3365,2100
3366,2111
3367,2079
3368,2102
3369,2092
3370,2100
3371,2099
3372,2103
3373,2101
3374,2092
3375,2103
3376,2102
3377,2098
3378,2102
3379,2102
3380,2099
3381,2101
3382,2103
3383,2105
3384,2092
3385,2094
3386,2108
3387,2098
3388,2096
3389,2095
3390,2103
3391,2104
3392,2101
3393,2100
3394,2102
3395,2102
3396,2108
3397,2105
3398,2101
3399,2101
3400,2102
3401,2103
3402,2087
3403,2099
3404,2098
3405,2092
3406,2103
3407,2103
3408,2106
3409,2102
3410,2103
3411,2101
3412,2101
3413,2106
3414,2101
3415,2102
3416,2108
3417,2105
3418,2103
3419,2096
3420,2109
3421,2103
3422,2105
3423,2103
3424,2102
3425,2106
3426,2107
3427,2103
3428,2106
3429,2100
3430,2102
3431,2095
3432,2101
3433,2102
3434,2100
3435,2100
3436,2107
3437,2097
3438,2103
3439,2102
3440,2102
3441,2088
3442,2098
3443,2105
3444,2103
3445,2102
3446,2100
3447,2104
3448,2108
3449,2082
3450,2101
3451,2105
3452,2097
3453,2085
3454,2107
3455,2104
3456,2101
3457,2101
3458,2094
3459,2103
3460,2104
3461,2101
3462,2103
3463,2101
3464,2099
3465,2104
3466,2092
3467,2106
3468,2103
3469,2103
3470,2105
3471,2103
3472,2098
3473,2108
3474,2102
3475,2096
3476,2108
3477,2105
3478,2108
3479,2107
3480,2102
3481,2104
3482,2100
3483,2102
3484,2103
3485,2091
3486,2098
3487,2104
3488,2101
3489,2096
3490,2093
3491,2102
3492,2099
3493,2100
3494,2099
3495,2101
3496,2104
3497,2104
3498,2103
3499,2104
3500,2102
3501,2100
3502,2078
3503,2091
3504,2101
3505,2113
3506,2103
3507,2098
3508,2080
3509,2099
3510,2102
3511,2104
3512,2099
3513,2103
3514,2104
3515,2102
3516,2103
3517,2101
3518,2103
3519,2089
3520,2095
3521,2112
3522,2104
3523,2102
3524,2100
3525,2097
3526,2098
3527,2100
3528,2102
3529,2100
3530,2097
3531,2101
3532,2106
3533,2100
3534,2102
3535,2103
3536,2096
3537,2084
3538,2107
3539,2102
3540,2100
3541,2098
3542,2098
3543,2090
3544,2103
3545,2102
3546,2104
3547,2102
3548,2104
3549,2100
3550,2102
3551,2104
3552,2104
3553,2099
3554,2110
3555,2100
3556,2104
3557,2098
3558,2104
3559,2099
3560,2110
3561,2125
3562,2105
3563,2099
3564,2105
3565,2103
3566,2094
3567,2102
3568,2102
3569,2093
3570,2096
3571,2098
3572,2102
3573,2102
3574,2102
3575,2112
3576,2097
3577,2108
3578,2103
3579,2107
3580,2102
3581,2088
3582,2101
3583,2102
3584,2100
3585,2099
3586,2109
3587,2104
3588,2104
3589,2096
3590,2108
3591,2108
3592,2103
3593,2106
3594,2103
3595,2099
3596,2101
3597,2102
3598,2101
3599,2124
3600,2098
3601,2104
3602,2104
3603,2081
3604,2106
3605,2101
3606,2102
3607,2098
3608,2107
3609,2103
3610,2101
3611,2103
3612,2111
3613,2099
3614,2190
3615,2098
3616,2101
3617,2098
3618,2095
3619,2103
3620,2093
3621,2110
3622,2101
3623,2103
3624,2100
3625,2100
3626,2103
3627,2099
3628,2099
3629,2100
3630,2104
3631,2099
3632,2100
3633,2101
3634,2106
3635,2104
3636,2103
3637,2086
3638,2092
3639,2088
3640,2104
3641,2100
3642,2122
3643,2101
3644,2104
3645,2094
3646,2099
3647,2103
3648,2108
3649,2096
3650,2101
3651,2075
3652,2119
3653,2100
3654,2100
3655,2102
3656,2113
3657,2104
3658,2105
3659,2104
3660,2098
3661,2098
3662,2098
3663,2102
3664,2096
3665,2097
3666,2101
3667,2085
3668,2099
3669,2101
3670,2099
3671,2099
3672,2104
3673,2105
3674,2101
3675,2102
3676,2089
3677,2104
3678,2101
3679,2105
3680,2102
3681,2100
3682,2099
3683,2104
3684,2091
3685,2097
3686,2101
3687,2100
3688,2103
3689,2093
3690,2111
3691,2102
3692,2101
3693,2101
3694,2103
3695,2101
3696,2104
3697,2100
3698,2103
3699,2105
3700,2100
3701,2102
3702,2098
3703,2102
3704,2100
3705,2087
3706,2087
3707,2104
3708,2104
3709,2095
3710,2100
3711,2103
3712,2102
3713,2105
3714,2101
3715,2101
3716,2099
3717,2102
3718,2102
3719,2104
3720,2096
3721,2102
3722,2101
3723,2104
3724,2109
3725,2105
3726,2103
3727,2104
3728,2101
3729,2103
3730,2101
3731,2105
3732,2100
3733,2102
3734,2101
3735,2101
3736,2105
3737,2100
3738,2102
3739,2100
3740,2102
3741,2109
3742,2097
3743,2100
3744,2105
3745,2102
3746,2102
3747,2108
3748,2103
3749,2108
3750,2101
3751,2101
3752,2100
3753,2106
3754,2102
3755,2100
3756,2100
3757,2099
3758,2116
3759,2108
3760,2104
3761,2100
3762,2105
3763,2104
3764,2104
3765,2103
3766,2101
3767,2103
3768,2104
3769,2114
3770,2101
3771,2103
3772,2104
3773,2095
3774,2098
3775,2100
3776,2098
3777,2105
3778,2103
3779,2103
3780,2104
3781,2100
3782,2106
3783,2102
3784,2100
3785,2103
3786,2104
3787,2100
3788,2102
3789,2091
3790,2106
3791,2099
3792,2104
3793,2100
3794,2103
3795,2100
3796,2106
3797,2105
3798,2098
3799,2102
3800,2102
3801,2102
3802,2092
3803,2100
3804,2100
3805,2105
3806,2102
3807,2101
3808,2112
3809,2088
3810,2101
3811,2105
3812,2102
3813,2104
3814,2100
3815,2102
3816,2102
3817,2102
3818,2100
3819,2092
3820,2103
3821,2100
3822,2102
3823,2097
3824,2103
3825,2101
3826,2104
3827,2097
3828,2108
3829,2101
3830,2111
3831,2104
3832,2104
3833,2100
3834,2103
3835,2100
3836,2105
3837,2098
3838,2104
3839,2100
3840,2104
3841,2102
3842,2102
3843,2104
3844,2109
3845,2107
3846,2100
3847,2101
3848,2101
3849,2100
3850,2103
3851,2101
3852,2105
3853,2102
3854,2100
3855,2109
3856,2103
3857,2126
3858,2102
3859,2105
3860,2101
3861,2201
3862,2102
3863,2104
3864,2107
3865,2103
3866,2107
3867,2101
3868,2104
3869,2102
3870,2103
3871,2100
3872,2088
3873,2098
3874,2102
3875,2096
3876,2102
3877,2098
3878,2108
3879,2105
3880,2100
3881,2099
3882,2101
3883,2101
3884,2105
3885,2100
3886,2104
3887,2102
3888,2103
3889,2102
3890,2102
3891,2100
3892,2100
3893,2108
3894,2102
3895,2104
3896,2101
3897,2087
3898,2106
3899,2085
3900,2100
3901,2105
3902,2104
3903,2104
3904,2102
3905,2100
3906,2103
3907,2111
3908,2105
3909,2098
3910,2105
3911,2105
3912,2103
3913,2100
3914,2119
3915,2103
3916,2101
3917,2101
3918,2101
3919,2100
3920,2105
3921,2102
3922,2106
3923,2100
3924,2105
3925,2110
3926,2105
3927,2102
3928,2101
3929,2100
3930,2101
3931,2083
3932,2094
3933,2103
3934,2103
3935,2079
3936,2117
3937,2101
3938,2104
3939,2098
3940,2106
3941,2103
3942,2100
3943,2105
3944,2100
3945,2103
3946,2100
3947,2105
3948,2111
3949,2096
3950,2106
3951,2103
3952,2111
3953,2100
3954,2100
3955,2102
3956,2102
3957,2101
3958,2103
3959,2102
3960,2106
3961,2101
3962,2101
3963,2101
3964,2098
3965,2094
3966,2112
3967,2069
3968,2097
3969,2104
3970,2102
3971,2100
3972,2102
3973,2095
3974,2104
3975,2099
3976,2098
3977,2103
3978,2103
3979,2098
3980,2100
3981,2101
3982,2101
3983,2098
3984,2102
3985,2097
3986,2090
3987,2104
3988,2101
3989,2101
3990,2103
3991,2101
3992,2105
3993,2100
3994,2104
3995,2099
3996,2104
3997,2103
3998,2101
3999,2102
4000,2100
4001,2103
4002,2099
4003,2102
4004,2101
4005,2113
4006,2121
4007,2102
4008,2102
4009,2102
4010,2101
4011,2119
4012,2103
4013,2103
4014,2098
4015,2100
4016,2099
4017,2103
4018,2100
4019,2103
4020,2088
4021,2101
4022,2093
4023,2103
4024,2100
4025,2100
4026,2101
4027,2102
4028,2103
4029,2100
4030,2104
4031,2102
4032,2100
4033,2102
4034,2101
4035,2100
4036,2104
4037,2100
4038,2098
4039,2104
4040,2103
4041,2098
4042,2102
4043,2103
4044,2102
4045,2102
4046,2102
4047,2098
4048,2104
4049,2088
4050,2102
4051,2098
4052,2104
4053,2104
4054,2103
4055,2103
4056,2098
4057,2100
4058,2098
4059,2097
4060,2100
4061,2102
4062,2099
4063,2102
4064,2102
4065,2100
4066,2100
4067,2102
4068,2100
4069,2103
4070,2100
4071,2102
4072,2103
4073,2107
4074,2081
4075,2104
4076,2101
4077,2101
4078,2103
4079,2101
4080,2104
4081,2106
4082,2102
4083,2102
4084,2104
4085,2101
4086,2100
4087,2103
4088,2102
4089,2089
4090,2104
4091,2100
4092,2119
4093,2094
4094,2102
4095,2102
4096,2107
4097,2105
4098,2106
4099,2101
4100,2072
4101,2104
4102,2094
4103,2098
4104,2103
4105,2104
4106,2101
4107,2102
4108,2095
4109,2101
4110,2102
4111,2098
4112,2100
4113,2095
4114,2104
4115,2102
4116,2102
4117,2103
4118,2100
4119,2102
4120,2101
4121,2102
4122,2102
4123,2104
4124,2105
4125,2100
4126,2085
4127,2102
4128,2104
4129,2104
4130,2103
4131,2102
4132,2101
4133,2101
4134,2107
4135,2102
4136,2104
4137,2100
4138,2103
4139,2098
4140,2102
4141,2100
4142,2097
4143,2100
4144,2116
4145,2101
4146,2105
4147,2103
4148,2104
4149,2104
4150,2104
4151,2103
4152,2102
4153,2101
4154,2100
4155,2101
4156,2103
4157,2101
4158,2100
4159,2098
4160,2100
4161,2098
4162,2103
4163,2101
4164,2112
4165,2098
4166,2099
4167,2101
4168,2101
4169,2100
4170,2105
4171,2106
4172,2102
4173,2102
4174,2101
4175,2101
4176,2103
4177,2099
4178,2105
4179,2102
4180,2101
4181,2102
4182,2102
4183,2103
4184,2096
4185,2097
4186,2100
4187,2102
4188,2104
4189,2101
4190,2101
4191,2102
4192,2103
4193,2094
4194,2103
4195,2110
4196,2099
4197,2102
4198,2100
4199,2094
4200,2101
4201,2121
4202,2128
4203,2104
4204,2102
4205,2102
4206,2101
4207,2117
4208,2104
4209,2100
4210,2104
4211,2102
4212,2103
4213,2088
4214,2107
4215,2098
4216,2100
4217,2101
4218,2104
4219,2111
4220,2091
4221,2101
4222,2109
4223,2103
4224,2101
4225,2102
4226,2102
4227,2100
4228,2101
4229,2101
4230,2102
4231,2099
4232,2101
4233,2102
4234,2102
4235,2103
4236,2103
4237,2102
4238,2101
4239,2103
4240,2061
4241,2102
4242,2101
4243,2096
4244,2104
4245,2103
4246,2106
4247,2102
4248,2100
4249,2101
4250,2104
4251,2101
4252,2110
4253,2099
4254,2101
4255,2102
4256,2102
4257,2102
4258,2102
4259,2098
4260,2080
4261,2103
4262,2102
4263,2102
4264,2101
4265,2097
4266,2108
4267,2097
4268,2103
4269,2101
4270,2101
4271,2103
4272,2104
4273,2102
4274,2096
4275,2105
4276,2097
4277,2104
4278,2101
4279,2100
4280,2104
4281,2104
4282,2125
4283,2099
4284,2098
4285,2099
4286,2101
4287,2102
4288,2102
4289,2098
4290,2101
4291,2116
4292,2090
4293,2106
4294,2103
4295,2100
4296,2103
4297,2103
4298,2099
4299,2101
4300,2098
4301,2104
4302,2103
4303,2100
4304,2102
4305,2092
4306,2102
4307,2101
4308,2105
4309,2102
4310,2103
4311,2101
4312,2105
4313,2103
4314,2102
4315,2100
4316,2103
4317,2100
4318,2101
4319,2100
4320,2103
4321,2098
4322,2102
4323,2101
4324,2102
4325,2101
4326,2102
4327,2092
4328,2105
4329,2101
4330,2103
4331,2099
4332,2069
4333,2100
4334,2100
4335,2100
4336,2104
4337,2098
4338,2105
4339,2102
4340,2103
4341,2086
4342,2097
4343,2101
4344,2103
4345,2102
4346,2101
4347,2095
4348,2116
4349,2100
4350,2102
4351,2112
4352,2106
4353,2103
4354,2104
4355,2101
4356,2102
4357,2101
4358,2096
4359,2101
4360,2102
4361,2102
4362,2102
4363,2106
4364,2100
4365,2089
4366,2108
4367,2098
4368,2103
4369,2102
4370,2099
4371,2102
4372,2108
4373,2094
4374,2103
4375,2096
4376,2098
4377,2101
4378,2090
4379,2104
4380,2112
4381,2101
4382,2102
4383,2100
4384,2098
4385,2102
4386,2108
4387,2102
4388,2102
4389,2090
4390,2106
4391,2103
4392,2102
4393,2105
4394,2100
4395,2104
4396,2102
4397,2102
4398,2104
4399,2102
4400,2102
4401,2098
4402,2082
4403,2095
4404,2092
4405,2103
4406,2095
4407,2099
4408,2088
4409,2100
4410,2104
4411,2103
4412,2099
4413,2101
4414,2101
4415,2103
4416,2104
4417,2104
4418,2104
4419,2129
4420,2095
4421,2104
4422,2099
4423,2104
4424,2102
4425,2102
4426,2100
4427,2103
4428,2100
4429,2104
4430,2104
4431,2104
4432,2105
4433,2100
4434,2101
4435,2100
4436,2104
4437,2101
4438,2102
4439,2104
4440,2104
4441,2098
4442,2102
4443,2100
4444,2104
4445,2101
4446,2107
4447,2101
4448,2098
4449,2104
4450,2100
4451,2103
4452,2102
4453,2103
4454,2102
4455,2099
4456,2112
4457,2085
4458,2100
4459,2105
4460,2104
4461,2122
4462,2104
4463,2101
4464,2102
4465,2104
4466,2101
4467,2105
4468,2102
4469,2101
4470,2100
4471,2103
4472,2106
4473,2103
4474,2101
4475,2127
4476,2088
4477,2104
4478,2098
4479,2097
4480,2102
4481,2102
4482,2104
4483,2104
4484,2103
4485,2098
4486,2102
4487,2102
4488,2101
4489,2102
4490,2089
4491,2108
4492,2100
4493,2103
4494,2110
4495,2106
4496,2101
4497,2109
4498,2100
4499,2109
4500,2102
4501,2104
4502,2103
4503,2101
4504,2103
4505,2102
4506,2102
4507,2100
4508,2096
4509,2098
4510,2097
4511,2102
4512,2104
4513,2108
4514,2083
4515,2100
4516,2101
4517,2104
4518,2103
4519,2095
4520,2100
4521,2106
4522,2105
4523,2104
4524,2103
4525,2101
4526,2102
4527,2098
4528,2085
4529,2100
4530,2103
4531,2118
4532,2097
4533,2104
4534,2100
4535,2095
4536,2104
4537,2100
4538,2103
4539,2100
4540,2103
4541,2104
4542,2102
4543,2102
4544,2094
4545,2096
4546,2103
4547,2104
4548,2101
4549,2103
4550,2104
4551,2103
4552,2109
4553,2100
4554,2104
4555,2100
4556,2104
4557,2101
4558,2103
4559,2124
4560,2091
4561,2107
4562,2104
4563,2099
4564,2100
4565,2104
4566,2104
4567,2121
4568,2103
4569,2116
4570,2090
4571,2102
4572,2105
4573,2097
4574,2104
4575,2105
4576,2105
4577,2101
4578,2102
4579,2095
4580,2095
4581,2099
4582,2105
4583,2105
4584,2107
4585,2121
4586,2102
4587,2110
4588,2105
4589,2104
4590,2103
4591,2102
4592,2105
4593,2102
4594,2102
4595,2120
4596,2101
4597,2099
4598,2089
4599,2105
4600,2105
4601,2105
4602,2100
4603,2104
4604,2104
4605,2104
4606,2103
4607,2102
4608,2109
4609,2103
4610,2124
4611,2103
4612,2102
4613,2100
4614,2101
4615,2093
4616,2097
4617,2103
4618,2105
4619,2106
4620,2105
4621,2103
4622,2105
4623,2093
4624,2105
4625,2104
4626,2103
4627,2103
4628,2106
4629,2094
4630,2097
4631,2099
4632,2090
4633,2091
4634,2100
4635,2124
4636,2108
4637,2103
4638,2103
4639,2102
4640,2102
4641,2104
4642,2104
4643,2100
4644,2104
4645,2105
4646,2104
4647,2102
4648,2101
4649,2133
4650,2096
4651,2094
4652,2095
4653,2130
4654,2097
4655,2109
4656,2101
4657,2098
4658,2092
4659,2102
4660,2111
4661,2103
4662,2119
4663,2102
4664,2104
4665,2102
4666,2100
4667,2090
4668,2086
4669,2092
4670,2105
4671,2116
4672,2060
4673,2095
4674,2105
4675,2104
4676,2102
4677,2107
4678,2106
4679,2104
4680,2100
4681,2103
4682,2104
4683,2098
4684,2100
4685,2096
4686,2094
4687,2100
4688,2105
4689,2100
4690,2108
4691,2114
4692,2106
4693,2104
4694,2101
4695,2104
4696,2104
4697,2098
4698,2120
4699,2102
4700,2107
4701,2100
4702,2114
4703,2089
4704,2091
4705,2101
4706,2108
4707,2104
4708,2080
4709,2104
4710,2105
4711,2103
4712,2106
4713,2103
4714,2100
4715,2103
4716,2104
4717,2102
4718,2100
4719,2103
4720,2092
4721,2087
4722,2100
4723,2104
4724,2102
4725,2092
4726,2098
4727,2105
4728,2108
4729,2104
4730,2101
4731,2104
4732,2102
4733,2104
4734,2097
4735,2104
4736,2098
4737,2107
4738,2087
4739,2087
4740,2094
4741,2098
4742,2108
4743,2103
4744,2104
4745,2102
4746,2113
4747,2103
4748,2105
4749,2107
4750,2104
4751,2102
4752,2104
4753,2103
4754,2103
4755,2088
4756,2086
4757,2091
4758,2077
4759,2103
4760,2109
4761,2120
4762,2108
4763,2103
4764,2098
4765,2104
4766,2104
4767,2102
4768,2102
4769,2100
4770,2095
4771,2099
4772,2104
4773,2091
4774,2084
4775,2089
4776,2104
4777,2108
4778,2113
4779,2110
4780,2105
4781,2103
4782,2120
4783,2098
4784,2103
4785,2103
4786,2104
4787,2103
4788,2104
4789,2102
4790,2092
4791,2084
4792,2086
4793,2098
4794,2108
4795,2116
4796,2110
4797,2104
4798,2109
4799,2079
4800,2104
4801,2101
4802,2107
4803,2104
4804,2102
4805,2102
4806,2104
4807,2103
4808,2085
4809,2086
4810,2088
4811,2106
4812,2111
4813,2116
4814,2112
4815,2106
4816,2104
4817,2105
4818,2103
4819,2105
4820,2108
4821,2104
4822,2108
4823,2104
4824,2100
4825,2080
4826,2085
4827,2078
4828,2091
4829,2103
4830,2110
4831,2107
4832,2100
4833,2110
4834,2104
4835,2105
4836,2104
4837,2093
4838,2094
4839,2104
4840,2098
4841,2098
4842,2100
4843,2097
4844,2087
4845,2085
4846,2089
4847,2108
4848,2113
4849,2111
4850,2107
4851,2110
4852,2096
4853,2105
4854,2105
4855,2104
4856,2087
4857,2102
4858,2103
4859,2104
4860,2101
4861,2087
4862,2084
4863,2085
4864,2095
4865,2109
4866,2121
4867,2108
4868,2070
4869,2110
4870,2112
4871,2104
4872,2106
4873,2107
4874,2102
4875,2104
4876,2102
4877,2100
4878,2096
4879,2082
4880,2084
4881,2091
4882,2105
4883,2112
4884,2108
4885,2108
4886,2112
4887,2108
4888,2108
4889,2110
4890,2108
4891,2100
4892,2104
4893,2109
4894,2102
4895,2101
4896,2095
4897,2079
4898,2075
4899,2089
4900,2110
4901,2102
4902,2114
4903,2103
4904,2101
4905,2110
4906,2104
4907,2091
4908,2103
4909,2107
4910,2100
4911,2100
4912,2104
4913,2106
4914,2087
4915,2073
4916,2077
4917,2096
4918,2116
4919,2118
4920,2106
4921,2103
4922,2106
4923,2106
4924,2104
4925,2104
4926,2108
4927,2106
4928,2112
4929,2104
4930,2108
4931,2095
4932,2087
4933,2073
4934,2084
4935,2103
4936,2118
4937,2109
4938,2111
4939,2111
4940,2084
4941,2107
4942,2110
4943,2107
4944,2102
4945,2108
4946,2107
4947,2102
4948,2100
4949,2116
4950,2071
4951,2074
4952,2075
4953,2116
4954,2112
4955,2114
4956,2111
4957,2110
4958,2112
4959,2126
4960,2115
4961,2105
4962,2113
4963,2102
4964,2103
4965,2101
4966,2097
4967,2078
4968,2067
4969,2081
4970,2094
4971,2110
4972,2113
4973,2116
4974,2115
4975,2131
4976,2115
4977,2110
4978,2109
4979,2113
4980,2107
4981,2100
4982,2105
4983,2103
4984,2087
4985,2073
4986,2067
4987,2102
4988,2106
4989,2114
4990,2122
4991,2114
4992,2113
4993,2108
4994,2108
4995,2105
4996,2109
4997,2105
4998,2106
4999,2105
5000,2104
5001,2096
5002,2088
5003,2062
5004,2067
5005,2095
5006,2115
5007,2115
5008,2123
5009,2114
5010,2116
5011,2105
5012,2103
5013,2108
5014,2105
5015,2103
5016,2108
5017,2104
5018,2102
5019,2090
5020,2072
5021,2050
5022,2086
5023,2100
5024,2115
5025,2118
5026,2111
5027,2110
5028,2113
5029,2109
5030,2108
5031,2108
5032,2104
5033,2091
5034,2108
5035,2103
5036,2100
5037,2085
5038,2064
5039,2052
5040,2092
5041,2105
5042,2122
5043,2116
5044,2089
5045,2104
5046,2110
5047,2108
5048,2107
5049,2105
5050,2106
5051,2105
5052,2104
5053,2104
5054,2095
5055,2075
5056,2041
5057,2076
5058,2103
5059,2117
5060,2119
5061,2115
5062,2118
5063,2111
5064,2108
5065,2112
5066,2108
5067,2107
5068,2107
5069,2110
5070,2094
5071,2102
5072,2093
5073,2067
5074,2033
5075,2084
5076,2111
5077,2126
5078,2130
5079,2117
5080,2117
5081,2113
5082,2112
5083,2108
5084,2108
5085,2108
5086,2107
5087,2105
5088,2107
5089,2101
5090,2081
5091,2030
5092,2055
5093,2095
5094,2123
5095,2130
5096,2120
5097,2117
5098,2116
5099,2083
5100,2114
5101,2111
5102,2114
5103,2110
5104,2111
5105,2105
5106,2105
5107,2092
5108,2071
5109,2027
5110,2067
5111,2104
5112,2122
5113,2128
5114,2120
5115,2125
5116,2116
5117,2118
5118,2116
5119,2112
5120,2107
5121,2110
5122,2105
5123,2105
5124,2102
5125,2082
5126,2024
5127,2028
5128,2095
5129,2116
5130,2130
5131,2124
5132,2116
5133,2121
5134,2117
5135,2114
5136,2114
5137,2112
5138,2114
5139,2108
5140,2109
5141,2107
5142,2100
5143,2080
5144,2020
5145,2055
5146,2120
5147,2116
5148,2129
5149,2127
5150,2120
5151,2118
5152,2095
5153,2109
5154,2106
5155,2111
5156,2092
5157,2107
5158,2108
5159,2108
5160,2085
5161,2041
5162,2005
5163,2080
5164,2105
5165,2128
5166,2136
5167,2124
5168,2121
5169,2118
5170,2118
5171,2115
5172,2112
5173,2107
5174,2108
5175,2119
5176,2105
5177,2098
5178,2079
5179,2008
5180,2032
5181,2096
5182,2120
5183,2157
5184,2107
5185,2120
5186,2121
5187,2119
5188,2112
5189,2114
5190,2113
5191,2105
5192,2110
5193,2103
5194,2106
5195,2090
5196,2095
5197,1986
5198,2046
5199,2108
5200,2124
5201,2136
5202,2134
5203,2120
5204,2122
5205,2128
5206,2114
5207,2114
5208,2109
5209,2108
5210,2111
5211,2107
5212,2104
5213,2059
5214,1996
5215,2014
5216,2090
5217,2116
5218,2141
5219,2137
5220,2126
5221,2120
5222,2121
5223,2115
5224,2118
5225,2112
5226,2111
5227,2108
5228,2107
5229,2104
5230,2097
5231,2075
5232,1990
5233,2030
5234,2099
5235,2122
5236,2137
5237,2132
5238,2132
5239,2125
5240,2117
5241,2087
5242,2118
5243,2112
5244,2113
5245,2109
5246,2106
5247,2104
5248,2085
5249,1986
5250,1985
5251,2070
5252,2120
5253,2139
5254,2148
5255,2139
5256,2127
5257,2124
5258,2127
5259,2116
5260,2117
5261,2113
5262,2110
5263,2108
5264,2109
5265,2102
5266,2076
5267,1983
5268,2012
5269,2088
5270,2120
5271,2137
5272,2137
5273,2143
5274,2128
5275,2120
5276,2119
5277,2116
5278,2119
5279,2112
5280,2088
5281,2104
5282,2110
5283,2087
5284,2021
5285,1965
5286,2047
5287,2120
5288,2135
5289,2148
5290,2132
5291,2127
5292,2129
5293,2124
5294,2119
5295,2111
5296,2113
5297,2111
5298,2111
5299,2108
5300,2100
5301,2082
5302,1997
5303,1990
5304,2066
5305,2122
5306,2138
5307,2146
5308,2162
5309,2133
5310,2125
5311,2115
5312,2122
5313,2118
5314,2116
5315,2109
5316,2114
5317,2105
5318,2095
5319,2036
5320,1949
5321,2022
5322,2093
5323,2147
5324,2147
5325,2150
5326,2161
5327,2127
5328,2126
5329,2122
5330,2121
5331,2117
5332,2115
5333,2111
5334,2110
5335,2104
5336,2086
5337,2002
5338,1975
5339,2053
5340,2118
5341,2130
5342,2142
5343,2142
5344,2133
5345,2128
5346,2107
5347,2125
5348,2115
5349,2114
5350,2117
5351,2111
5352,2108
5353,2100
5354,2070
5355,1938
5356,1990
5357,2086
5358,2130
5359,2142
5360,2149
5361,2136
5362,2139
5363,2126
5364,2121
5365,2123
5366,2117
5367,2116
5368,2111
5369,2110
5370,2110
5371,2086
5372,2005
5373,1955
5374,2034
5375,2113
5376,2134
5377,2150
5378,2150
5379,2133
5380,2130
5381,2127
5382,2121
5383,2117
5384,2118
5385,2114
5386,2112
5387,2108
5388,2103
5389,2083
5390,1960
5391,1961
5392,2042
5393,2126
5394,2144
5395,2145
5396,2147
5397,2144
5398,2134
5399,2138
5400,2123
5401,2118
5402,2116
5403,2114
5404,2111
5405,2110
5406,2096
5407,2019
5408,1935
5409,2008
5410,2096
5411,2152
5412,2160
5413,2154
5414,2173
5415,2134
5416,2126
5417,2130
5418,2120
5419,2119
5420,2115
5421,2113
5422,2122
5423,2113
5424,2085
5425,1970
5426,1947
5427,2032
5428,2111
5429,2138
5430,2151
5431,2166
5432,2141
5433,2134
5434,2114
5435,2125
5436,2114
5437,2117
5438,2117
5439,2111
5440,2110
5441,2105
5442,2062
5443,1934
5444,1978
5445,2072
5446,2132
5447,2151
5448,2168
5449,2157
5450,2137
5451,2132
5452,2124
5453,2119
5454,2119
5455,2112
5456,2115
5457,2112
5458,2107
5459,2095
5460,1987
5461,1939
5462,2015
5463,2098
5464,2143
5465,2151
5466,2162
5467,2145
5468,2144
5469,2127
5470,2124
5471,2124
5472,2118
5473,2114
5474,2111
5475,2112
5476,2105
5477,2077
5478,1909
5479,1954
5480,2041
5481,2111
5482,2154
5483,2158
5484,2154
5485,2144
5486,2144
5487,2134
5488,2124
5489,2122
5490,2120
5491,2117
5492,2114
5493,2113
5494,2097
5495,2007
5496,1893
5497,1991
5498,2081
5499,2144
5500,2154
5501,2161
5502,2153
5503,2143
5504,2134
5505,2137
5506,2129
5507,2117
5508,2117
5509,2118
5510,2095
5511,2108
5512,2085
5513,1942
5514,1932
5515,2014
5516,2101
5517,2153
5518,2165
5519,2161
5520,2141
5521,2145
5522,2136
5523,2130
5524,2120
5525,2120
5526,2118
5527,2116
5528,2114
5529,2101
5530,2052
5531,1911
5532,1966
5533,2060
5534,2135
5535,2155
5536,2171
5537,2155
5538,2149
5539,2138
5540,2140
5541,2122
5542,2120
5543,2120
5544,2116
5545,2111
5546,2124
5547,2096
5548,1971
5549,1924
5550,1990
5551,2084
5552,2142
5553,2162
5554,2166
5555,2153
5556,2146
5557,2137
5558,2143
5559,2128
5560,2117
5561,2120
5562,2114
5563,2124
5564,2108
5565,2071
5566,1901
5567,1937
5568,2029
5569,2122
5570,2156
5571,2164
5572,2169
5573,2156
5574,2167
5575,2135
5576,2130
5577,2124
5578,2120
5579,2118
5580,2115
5581,2112
5582,2096
5583,1996
5584,1915
5585,1974
5586,2067
5587,2135
5588,2164
5589,2175
5590,2162
5591,2145
5592,2143
5593,2132
5594,2127
5595,2123
5596,2120
5597,2116
5598,2115
5599,2108
5600,2094
5601,1919
5602,1925
5603,1999
5604,2088
5605,2155
5606,2165
5607,2174
5608,2156
5609,2156
5610,2142
5611,2134
5612,2125
5613,2121
5614,2121
5615,2131
5616,2112
5617,2100
5618,2035
5619,1900
5620,1950
5621,2048
5622,2127
5623,2173
5624,2170
5625,2165
5626,2160
5627,2146
5628,2135
5629,2131
5630,2126
5631,2120
5632,2119
5633,2114
5634,2112
5635,2091
5636,1965
5637,1916
5638,1973
5639,2065
5640,2140
5641,2161
5642,2177
5643,2166
5644,2163
5645,2146
5646,2118
5647,2129
5648,2127
5649,2127
5650,2116
5651,2112
5652,2112
5653,2074
5654,1881
5655,1924
5656,2015
5657,2108
5658,2162
5659,2194
5660,2179
5661,2154
5662,2155
5663,2140
5664,2144
5665,2134
5666,2126
5667,2118
5668,2117
5669,2098
5670,2099
5671,1983
5672,1909
5673,1965
5674,2045
5675,2131
5676,2165
5677,2173
5678,2172
5679,2161
5680,2149
5681,2146
5682,2136
5683,2127
5684,2120
5685,2118
5686,2118
5687,2112
5688,2088
5689,1911
5690,1915
5691,1985
5692,2082
5693,2156
5694,2175
5695,2169
5696,2168
5697,2158
5698,2146
5699,2150
5700,2130
5701,2123
5702,2121
5703,2118
5704,2115
5705,2110
5706,2056
5707,1879
5708,1932
5709,2018
5710,2107
5711,2172
5712,2184
5713,2183
5714,2152
5715,2157
5716,2144
5717,2136
5718,2129
5719,2127
5720,2124
5721,2117
5722,2113
5723,2094
5724,1943
5725,1905
5726,1959
5727,2063
5728,2136
5729,2168
5730,2174
5731,2171
5732,2163
5733,2151
5734,2143
5735,2139
5736,2126
5737,2120
5738,2150
5739,2116
5740,2112
5741,2079
5742,1886
5743,1919
5744,1984
5745,2088
5746,2156
5747,2177
5748,2186
5749,2168
5750,2160
5751,2144
5752,2134
5753,2131
5754,2125
5755,2125
5756,2121
5757,2118
5758,2103
5759,2006
5760,1882
5761,1949
5762,2033
5763,2130
5764,2168
5765,2174
5766,2178
5767,2164
5768,2155
5769,2147
5770,2133
5771,2130
5772,2127
5773,2124
5774,2104
5775,2113
5776,2091
5777,1919
5778,1903
5779,1969
5780,2060
5781,2140
5782,2180
5783,2183
5784,2179
5785,2167
5786,2152
5787,2144
5788,2137
5789,2131
5790,2136
5791,2122
5792,2116
5793,2106
5794,2063
5795,1873
5796,1855
5797,2008
5798,2099
5799,2176
5800,2178
5801,2187
5802,2176
5803,2159
5804,2147
5805,2147
5806,2133
5807,2126
5808,2121
5809,2121
5810,2118
5811,2099
5812,1976
5813,1888
5814,1949
5815,2037
5816,2120
5817,2173
5818,2178
5819,2181
5820,2167
5821,2154
5822,2145
5823,2135
5824,2130
5825,2124
5826,2124
5827,2120
5828,2119
5829,2085
5830,1890
5831,1903
5832,1973
5833,2074
5834,2151
5835,2179
5836,2188
5837,2173
5838,2162
5839,2153
5840,2143
5841,2132
5842,2127
5843,2126
5844,2120
5845,2122
5846,2108
5847,2031
5848,1869
5849,1938
5850,2008
5851,2103
5852,2167
5853,2186
5854,2178
5855,2200
5856,2162
5857,2147
5858,2144
5859,2132
5860,2126
5861,2120
5862,2114
5863,2130
5864,2092
5865,1939
5866,1886
5867,1954
5868,2039
5869,2128
5870,2175
5871,2184
5872,2184
5873,2164
5874,2154
5875,2148
5876,2131
5877,2119
5878,2124
5879,2122
5880,2121
5881,2113
5882,2078
5883,1869
5884,1913
5885,1988
5886,2083
5887,2159
5888,2186
5889,2191
5890,2179
5891,2164
5892,2157
5893,2144
5894,2139
5895,2130
5896,2124
5897,2121
5898,2110
5899,2103
5900,1994
5901,1874
5902,1956
5903,2020
5904,2110
5905,2175
5906,2180
5907,2190
5908,2147
5909,2159
5910,2149
5911,2143
5912,2139
5913,2127
5914,2126
5915,2120
5916,2118
5917,2112
5918,1894
5919,1883
5920,1958
5921,2057
5922,2141
5923,2187
5924,2188
5925,2176
5926,2169
5927,2152
5928,2148
5929,2140
5930,2136
5931,2125
5932,2125
5933,2118
5934,2111
5935,2056
5936,1864
5937,1927
5938,1995
5939,2080
5940,2160
5941,2181
5942,2190
5943,2172
5944,2166
5945,2155
5946,2212
5947,2151
5948,2130
5949,2124
5950,2122
5951,2120
5952,2098
5953,1958
5954,1865
5955,1932
5956,2020
5957,2115
5958,2180
5959,2188
5960,2191
5961,2176
5962,2160
5963,2152
5964,2142
5965,2128
5966,2129
5967,2124
5968,2120
5969,2118
5970,2088
5971,1872
5972,1899
5973,1973
5974,2056
5975,2144
5976,2186
5977,2190
5978,2183
5979,2174
5980,2150
5981,2145
5982,2141
5983,2129
5984,2137
5985,2120
5986,2114
5987,2111
5988,2028
5989,1866
5990,1922
5991,1997
5992,2090
5993,2166
5994,2193
5995,2184
5996,2180
5997,2163
5998,2159
5999,2148

