Seconds,Torque
0,2102
1,2100
2,2098
3,2100
4,2101
5,2100
6,2097
7,2094
8,2107
9,2097
10,2099
11,2100
12,2104
13,2103
14,2102
15,2102
16,2101
17,2105
18,2107
19,2105
20,2113
21,2103
22,2103
23,2103
24,2104
25,2111
26,2102
27,2102
28,2102
29,2104
30,2104
31,2105
32,2103
33,2107
34,2105
35,2107
36,2107
37,2105
38,2103
39,2101
40,2104
41,2105
42,2105
43,2100
44,2088
45,2104
46,2102
47,2106
48,2108
49,2107
50,2107
51,2108
52,2109
53,2104
54,2108
55,2108
56,2107
57,2108
58,2106
59,2103
60,2107
61,2108
62,2109
63,2110
64,2109
65,2105
66,2108
67,2109
68,2108
69,2111
70,2110
71,2109
72,2111
73,2122
74,2108
75,2108
76,2110
77,2109
78,2080
79,2106
80,2108
81,2106
82,2106
83,2105
84,2109
85,2105
86,2106
87,2108
88,2109
89,2110
90,2108
91,2108
92,2108
93,2105
94,2105
95,2104
96,2114
97,2108
98,2106
99,2105
100,2108
101,2107
102,2110
103,2108
104,2111
105,2110
106,2108
107,2110
108,2107
109,2103
110,2108
111,2107
112,2106
113,2104
114,2102
115,2104
116,2108
117,2154
118,2109
119,2106
120,2107
121,2109
122,2112
123,2109
124,2106
125,2108
126,2101
127,2106
128,2108
129,2109
130,2105
131,2099
132,2099
133,2109
134,2105
135,2102
136,2111
137,2109
138,2110
139,2105
140,2106
141,2108
142,2107
143,2106
144,2109
145,2107
146,2107
147,2106
148,2107
149,2098
150,2118
151,2105
152,2106
153,2108
154,2105
155,2110
156,2109
157,2110
158,2098
159,2108
160,2110
161,2108
162,2106
163,2106
164,2106
165,2102
166,2106
167,2112
168,2107
169,2110
170,2096
171,2099
172,2107
173,2116
174,2110
175,2110
176,2106
177,2108
178,2109
179,2102
180,2109
181,2108
182,2101
183,2112
184,2104
185,2114
186,2109
187,2114
188,2109
189,2108
190,2109
191,2106
192,2110
193,2111
194,2110
195,2108
196,2106
197,2107
198,2106
199,2108
200,2108
201,2117
202,2103
203,2107
204,2108
205,2109
206,2111
207,2109
208,2110
209,2110
210,2110
211,2108
212,2111
213,2105
214,2108
215,2108
216,2108
217,2106
218,2107
219,2106
220,2103
221,2106
222,2105
223,2093
224,2110
225,2108
226,2108
227,2119
228,2112
229,2109
230,2108
231,2084
232,2112
233,2111
234,2106
235,2104
236,2106
237,2106
238,2112
239,2106
240,2107
241,2109
242,2111
243,2101
244,2108
245,2108
246,2110
247,2110
248,2110
249,2108
250,2106
251,2110
252,2106
253,2106
254,2104
255,2089
256,2103
257,2105
258,2105
259,2109
260,2110
261,2106
262,2108
263,2108
264,2111
265,2107
266,2109
267,2032
268,2108
269,2105
270,2095
271,2102
272,2108
273,2111
274,2105
275,2107
276,2119
277,2109
278,2106
279,2106
280,2108
281,2110
282,2117
283,2109
284,2107
285,2111
286,2100
287,2106
288,2109
289,2108
290,2110
291,2111
292,2106
293,2109
294,2106
295,2107
296,2108
297,2112
298,2111
299,2108
300,2112
301,2110
302,2107
303,2107
304,2109
305,2108
306,2106
307,2109
308,2120
309,2111
310,2106
311,2110
312,2108
313,2109
314,2107
315,2111
316,2110
317,2110
318,2110
319,2104
320,2110
321,2103
322,2110
323,2116
324,2106
325,2118
326,2107
327,2107
328,2105
329,2114
330,2107
331,2109
332,2111
333,2110
334,2107
335,2112
336,2109
337,2107
338,2105
339,2112
340,2105
341,2110
342,2108
343,2104
344,2105
345,2104
346,2107
347,2110
348,2108
349,2108
350,2132
351,2106
352,2109
353,2109
354,2107
355,2109
356,2109
357,2105
358,2109
359,2108
360,2108
361,2106
362,2112
363,2107
364,2105
365,2106
366,2107
367,2110
368,2118
369,2103
370,2110
371,2110
372,2107
373,2108
374,2110
375,2105
376,2108
377,2105
378,2084
379,2105
380,2104
381,2107
382,2105
383,2108
384,2110
385,2107
386,2110
387,2108
388,2109
389,2110
390,2110
391,2103
392,2111
393,2105
394,2102
395,2104
396,2118
397,2141
398,2105
399,2106
400,2105
401,2108
402,2110
403,2109
404,2110
405,2108
406,2110
407,2110
408,2108
409,2102
410,2111
411,2104
412,2102
413,2101
414,2104
415,2110
416,2108
417,2170
418,2109
419,2114
420,2108
421,2109
422,2110
423,2109
424,2107
425,2108
426,2100
427,2108
428,2106
429,2112
430,2101
431,2097
432,2113
433,2108
434,2108
435,2105
436,2107
437,2107
438,2110
439,2108
440,2108
441,2109
442,2107
443,2107
444,2108
445,2106
446,2112
447,2105
448,2106
449,2106
450,2115
451,2108
452,2107
453,2109
454,2108
455,2107
456,2107
457,2110
458,2112
459,2124
460,2110
461,2110
462,2107
463,2108
464,2107
465,2105
466,2106
467,2106
468,2104
469,2106
470,2098
471,2107
472,2119
473,2110
474,2104
475,2107
476,2108
477,2112
478,2101
479,2090
480,2108
481,2106
482,2103
483,2106
484,2107
485,2111
486,2108
487,2109
488,2108
489,2108
490,2112
491,2110
492,2110
493,2110
494,2106
495,2107
496,2104
497,2107
498,2109
499,2107
500,2105
501,2110
502,2094
503,2105
504,2106
505,2108
506,2105
507,2107
508,2106
509,2110
510,2108
511,2110
512,2107
513,2108
514,2111
515,2106
516,2105
517,2111
518,2106
519,2104
520,2107
521,2105
522,2109
523,2098
524,2107
525,2108
526,2107
527,2105
528,2108
529,2110
530,2110
531,2106
532,2112
533,2107
534,2104
535,2100
536,2104
537,2103
538,2101
539,2109
540,2105
541,2108
542,2110
543,2105
544,2109
545,2111
546,2108
547,2074
548,2104
549,2109
550,2109
551,2108
552,2109
553,2108
554,2105
555,2106
556,2111
557,2108
558,2108
559,2109
560,2104
561,2111
562,2108
563,2110
564,2109
565,2108
566,2111
567,2125
568,2108
569,2107
570,2109
571,2113
572,2123
573,2109
574,2106
575,2108
576,2118
577,2109
578,2109
579,2111
580,2110
581,2110
582,2112
583,2110
584,2108
585,2114
586,2108
587,2110
588,2102
589,2104
590,2102
591,2064
592,2106
593,2104
594,2108
595,2107
596,2106
597,2112
598,2107
599,2108
600,2108
601,2110
602,2107
603,2108
604,2105
605,2107
606,2102
607,2108
608,2112
609,2101
610,2104
611,2106
612,2108
613,2141
614,2108
615,2110
616,2113
617,2109
618,2108
619,2111
620,2111
621,2104
622,2108
623,2107
624,2105
625,2116
626,2096
627,2106
628,2107
629,2113
630,2109
631,2109
632,2108
633,2112
634,2108
635,2109
636,2112
637,2102
638,2103
639,2109
640,2105
641,2105
642,2105
643,2107
644,2149
645,2105
646,2108
647,2105
648,2108
649,2109
650,2110
651,2111
652,2108
653,2106
654,2110
655,2108
656,2106
657,2108
658,2104
659,2104
660,2103
661,2102
662,2108
663,2121
664,2108
665,2107
666,2107
667,2106
668,2109
669,2112
670,2110
671,2108
672,2109
673,2110
674,2106
675,2106
676,2111
677,2104
678,2112
679,2105
680,2108
681,2105
682,2102
683,2112
684,2115
685,2089
686,2110
687,2110
688,2107
689,2108
690,2108
691,2107
692,2106
693,2106
694,2111
695,2104
696,2105
697,2106
698,2105
699,2108
700,2108
701,2107
702,2109
703,2110
704,2108
705,2106
706,2111
707,2106
708,2108
709,2109
710,2108
711,2107
712,2105
713,2106
714,2108
715,2111
716,2104
717,2087
718,2108
719,2108
720,2110
721,2108
722,2107
723,2108
724,2090
725,2110
726,2102
727,2105
728,2105
729,2110
730,2105
731,2103
732,2114
733,2109
734,2110
735,2101
736,2108
737,2114
738,2108
739,2108
740,2112
741,2109
742,2114
743,2110
744,2110
745,2104
746,2105
747,2105
748,2107
749,2109
750,2118
751,2110
752,2106
753,2107
754,2148
755,2113
756,2108
757,2106
758,2107
759,2109
760,2110
761,2107
762,2107
763,2109
764,2104
765,2109
766,2106
767,2108
768,2104
769,2108
770,2106
771,2105
772,2108
773,2108
774,2110
775,2110
776,2108
777,2110
778,2107
779,2103
780,2110
781,2107
782,2109
783,2107
784,2103
785,2112
786,2109
787,2101
788,2111
789,2111
790,2108
791,2107
792,2108
793,2111
794,2121
795,2106
796,2108
797,2112
798,2111
799,2106
800,2101
801,2109
802,2097
803,2107
804,2109
805,2108
806,2104
807,2109
808,2111
809,2117
810,2110
811,2107
812,2108
813,2108
814,2110
815,2110
816,2108
817,2105
818,2104
819,2109
820,2110
821,2106
822,2105
823,2106
824,2111
825,2108
826,2109
827,2108
828,2118
829,2106
830,2108
831,2106
832,2110
833,2107
834,2105
835,2104
836,2105
837,2100
838,2108
839,2105
840,2110
841,2106
842,2105
843,2109
844,2107
845,2108
846,2112
847,2110
848,2106
849,2108
850,2107
851,2105
852,2104
853,2107
854,2109
855,2115
856,2108
857,2111
858,2108
859,2105
860,2111
861,2105
862,2108
863,2108
864,2111
865,2106
866,2107
867,2093
868,2107
869,2118
870,2101
871,2110
872,2124
873,2109
874,2107
875,2107
876,2119
877,2109
878,2109
879,2110
880,2110
881,2109
882,2110
883,2095
884,2108
885,2108
886,2104
887,2103
888,2107
889,2106
890,2104
891,2095
892,2048
893,2104
894,2110
895,2103
896,2109
897,2109
898,2107
899,2110
900,2108
901,2108
902,2106
903,2107
904,2106
905,2108
906,2111
907,2111
908,2097
909,2104
910,2111
911,2104
912,2126
913,2113
914,2110
915,2109
916,2109
917,2110
918,2109
919,2107
920,2110
921,2106
922,2106
923,2106
924,2108
925,2113
926,2107
927,2108
928,2102
929,2111
930,2108
931,2109
932,2107
933,2108
934,2112
935,2109
936,2113
937,2110
938,2105
939,2105
940,2108
941,2106
942,2099
943,2108
944,2137
945,2105
946,2106
947,2107
948,2111
949,2102
950,2106
951,2106
952,2109
953,2110
954,2111
955,2108
956,2110
957,2102
958,2105
959,2106
960,2104
961,2100
962,2105
963,2101
964,2106
965,2109
966,2109
967,2111
968,2110
969,2105
970,2109
971,2108
972,2108
973,2111
974,2107
975,2105
976,2105
977,2110
978,2091
979,2104
980,2109
981,2105
982,2101
983,2112
984,2111
985,2109
986,2107
987,2106
988,2106
989,2108
990,2108
991,2105
992,2110
993,2105
994,2108
995,2110
996,2121
997,2082
998,2105
999,2122
1000,2110
1001,2106
1002,2106
1003,2110
1004,2109
1005,2108
1006,2106
1007,2108
1008,2106
1009,2106
1010,2105
1011,2107
1012,2105
1013,2106
1014,2112
1015,2103
1016,2105
1017,2074
1018,2107
1019,2109
1020,2110
1021,2110
1022,2109
1023,2106
1024,2109
1025,2107
1026,2104
1027,2106
1028,2106
1029,2105
1030,2108
1031,2100
1032,2103
1033,2106
1034,2109
1035,2102
1036,2105
1037,2110
1038,2109
1039,2108
1040,2108
1041,2111
1042,2108
1043,2108
1044,2110
1045,2116
1046,2111
1047,2108
1048,2104
1049,2109
1050,2108
1051,2108
1052,2107
1053,2109
1054,2105
1055,2110
1056,2108
1057,2111
1058,2110
1059,2106
1060,2106
1061,2109
1062,2102
1063,2106
1064,2107
1065,2103
1066,2107
1067,2105
1068,2100
1069,2107
1070,2109
1071,2110
1072,2113
1073,2106
1074,2109
1075,2109
1076,2110
1077,2108
1078,2107
1079,2105
1080,2110
1081,2106
1082,2100
1083,2108
1084,2110
1085,2105
1086,2106
1087,2105
1088,2108
1089,2108
1090,2112
1091,2101
1092,2110
1093,2109
1094,2111
1095,2108
1096,2108
1097,2109
1098,2104
1099,2102
1100,2094
1101,2110
1102,2119
1103,2095
1104,2106
1105,2107
1106,2109
1107,2107
1108,2108
1109,2108
1110,2109
1111,2109
1112,2109
1113,2107
1114,2107
1115,2107
1116,2108
1117,2108
1118,2106
1119,2106
1120,2103
1121,2107
1122,2107
1123,2102
1124,2108
1125,2112
1126,2108
1127,2109
1128,2112
1129,2114
1130,2110
1131,2110
1132,2108
1133,2114
1134,2112
1135,2108
1136,2110
1137,2101
1138,2107
1139,2105
1140,2110
1141,2107
1142,2108
1143,2110
1144,2104
1145,2108
1146,2110
1147,2104
1148,2110
1149,2107
1150,2109
1151,2108
1152,2114
1153,2102
1154,2111
1155,2122
1156,2109
1157,2108
1158,2103
1159,2108
1160,2106
1161,2108
1162,2110
1163,2108
1164,2110
1165,2108
1166,2109
1167,2088
1168,2108
1169,2114
1170,2112
1171,2110
1172,2113
1173,2104
1174,2105
1175,2105
1176,2109
1177,2110
1178,2108
1179,2107
1180,2112
1181,2110
1182,2112
1183,2108
1184,2108
1185,2106
1186,2104
1187,2107
1188,2110
1189,2105
1190,2104
1191,2110
1192,2104
1193,2108
1194,2105
1195,2108
1196,2101
1197,2110
1198,2111
1199,2111
1200,2109
1201,2106
1202,2106
1203,2109
1204,2105
1205,2106
1206,2108
1207,2106
1208,2102
1209,2102
1210,2105
1211,2109
1212,2105
1213,2108
1214,2109
1215,2106
1216,2107
1217,2111
1218,2110
1219,2107
1220,2093
1221,2108
1222,2106
1223,2109
1224,2108
1225,2092
1226,2111
1227,2110
1228,2105
1229,2112
1230,2107
1231,2107
1232,2108
1233,2110
1234,2108
1235,2108
1236,2106
1237,2109
1238,2105
1239,2104
1240,2111
1241,2087
1242,2106
1243,2109
1244,2139
1245,2109
1246,2106
1247,2108
1248,2115
1249,2110
1250,2105
1251,2109
1252,2110
1253,2110
1254,2108
1255,2110
1256,2108
1257,2105
1258,2108
1259,2106
1260,2109
1261,2110
1262,2106
1263,2100
1264,2110
1265,2107
1266,2110
1267,2107
1268,2106
1269,2108
1270,2103
1271,2111
1272,2109
1273,2097
1274,2108
1275,2108
1276,2104
1277,2109
1278,2136
1279,2104
1280,2108
1281,2106
1282,2114
1283,2103
1284,2108
1285,2110
1286,2109
1287,2110
1288,2108
1289,2109
1290,2110
1291,2108
1292,2108
1293,2111
1294,2108
1295,2106
1296,2106
1297,2162
1298,2108
1299,2105
1300,2108
1301,2111
1302,2108
1303,2107
1304,2110
1305,2108
1306,2107
1307,2111
1308,2112
1309,2126
1310,2107
1311,2105
1312,2105
1313,2108
1314,2106
1315,2113
1316,2104
1317,2127
1318,2106
1319,2106
1320,2109
1321,2108
1322,2109
1323,2107
1324,2110
1325,2104
1326,2112
1327,2108
1328,2107
1329,2102
1330,2109
1331,2114
1332,2116
1333,2106
1334,2108
1335,2104
1336,2105
1337,2108
1338,2111
1339,2107
1340,2107
1341,2111
1342,2109
1343,2108
1344,2108
1345,2106
1346,2105
1347,2103
1348,2101
1349,2104
1350,2100
1351,2107
1352,2105
1353,2111
1354,2109
1355,2109
1356,2110
1357,2120
1358,2107
1359,2105
1360,2107
1361,2108
1362,2107
1363,2106
1364,2107
1365,2107
1366,2108
1367,2103
1368,2106
1369,2111
1370,2112
1371,2107
1372,2110
1373,2106
1374,2108
1375,2108
1376,2108
1377,2106
1378,2108
1379,2114
1380,2109
1381,2110
1382,2111
1383,2103
1384,2106
1385,2112
1386,2106
1387,2107
1388,2109
1389,2106
1390,2102
1391,2110
1392,2115
1393,2109
1394,2108
1395,2108
1396,2110
1397,2102
1398,2110
1399,2105
1400,2104
1401,2106
1402,2106
1403,2110
1404,2112
1405,2105
1406,2105
1407,2109
1408,2108
1409,2110
1410,2110
1411,2107
1412,2108
1413,2109
1414,2108
1415,2140
1416,2105
1417,2108
1418,2110
1419,2104
1420,2107
1421,2105
1422,2107
1423,2110
1424,2109
1425,2110
1426,2108
1427,2112
1428,2110
1429,2107
1430,2106
1431,2106
1432,2105
1433,2108
1434,2110
1435,2104
1436,2111
1437,2105
1438,2108
1439,2106
1440,2111
1441,2108
1442,2109
1443,2105
1444,2110
1445,2109
1446,2111
1447,2107
1448,2109
1449,2109
1450,2099
1451,2103
1452,2108
1453,2102
1454,2108
1455,2105
1456,2108
1457,2106
1458,2108
1459,2109
1460,2110
1461,2108
1462,2120
1463,2110
1464,2108
1465,2108
1466,2108
1467,2112
1468,2108
1469,2108
1470,2107
1471,2106
1472,2084
1473,2108
1474,2109
1475,2108
1476,2101
1477,2110
1478,2108
1479,2103
1480,2110
1481,2111
1482,2112
1483,2108
1484,2110
1485,2111
1486,2110
1487,2114
1488,2111
1489,2104
1490,2104
1491,2107
1492,2105
1493,2106
1494,2109
1495,2108
1496,2110
1497,2110
1498,2108
1499,2108
1500,2110
1501,2115
1502,2106
1503,2108
1504,2107
1505,2107
1506,2108
1507,2105
1508,2118
1509,2109
1510,2105
1511,2110
1512,2108
1513,2106
1514,2108
1515,2118
1516,2108
1517,2106
1518,2108
1519,2109
1520,2089
1521,2107
1522,2110
1523,2110
1524,2106
1525,2098
1526,2103
1527,2107
1528,2107
1529,2108
1530,2108
1531,2108
1532,2117
1533,2110
1534,2109
1535,2113
1536,2109
1537,2108
1538,2114
1539,2105
1540,2106
1541,2108
1542,2106
1543,2108
1544,2132
1545,2105
1546,2103
1547,2105
1548,2110
1549,2114
1550,2108
1551,2108
1552,2110
1553,2110
1554,2110
1555,2107
1556,2107
1557,2105
1558,2112
1559,2104
1560,2109
1561,2099
1562,2109
1563,2108
1564,2109
1565,2085
1566,2106
1567,2110
1568,2110
1569,2109
1570,2107
1571,2108
1572,2110
1573,2088
1574,2113
1575,2109
1576,2111
1577,2105
1578,2118
1579,2108
1580,2108
1581,2108
1582,2109
1583,2107
1584,2111
1585,2107
1586,2110
1587,2108
1588,2106
1589,2109
1590,2109
1591,2111
1592,2106
1593,2105
1594,2112
1595,2107
1596,2128
1597,2154
1598,2107
1599,2106
1600,2107
1601,2111
1602,2109
1603,2108
1604,2108
1605,2110
1606,2109
1607,2109
1608,2107
1609,2105
1610,2107
1611,2106
1612,2104
1613,2100
1614,2109
1615,2110
1616,2107
1617,2119
1618,2108
1619,2109
1620,2109
1621,2111
1622,2111
1623,2111
1624,2110
1625,2110
1626,2111
1627,2099
1628,2106
1629,2101
1630,2108
1631,2117
1632,2099
1633,2106
1634,2107
1635,2110
1636,2109
1637,2108
1638,2108
1639,2110
1640,2109
1641,2110
1642,2111
1643,2109
1644,2109
1645,2110
1646,2106
1647,2110
1648,2106
1649,2110
1650,2116
1651,2109
1652,2102
1653,2108
1654,2112
1655,2103
1656,2108
1657,2109
1658,2110
1659,2106
1660,2108
1661,2110
1662,2111
1663,2105
1664,2110
1665,2105
1666,2106
1667,2116
1668,2108
1669,2105
1670,2124
1671,2107
1672,2107
1673,2110
1674,2109
1675,2106
1676,2105
1677,2105
1678,2109
1679,2112
1680,2105
1681,2107
1682,2110
1683,2103
1684,2106
1685,2103
1686,2106
1687,2106
1688,2109
1689,2108
1690,2107
1691,2105
1692,2108
1693,2108
1694,2109
1695,2105
1696,2108
1697,2107
1698,2107
1699,2102
1700,2108
1701,2107
1702,2097
1703,2106
1704,2107
1705,2108
1706,2108
1707,2110
1708,2109
1709,2110
1710,2107
1711,2110
1712,2106
1713,2109
1714,2112
1715,2110
1716,2115
1717,2104
1718,2106
1719,2106
1720,2104
1721,2108
1722,2107
1723,2119
1724,2110
1725,2106
1726,2110
1727,2108
1728,2108
1729,2106
1730,2107
1731,2108
1732,2105
1733,2108
1734,2107
1735,2106
1736,2109
1737,2107
1738,2106
1739,2110
1740,2106
1741,2105
1742,2108
1743,2108
1744,2109
1745,2113
1746,2107
1747,2108
1748,2110
1749,2110
1750,2105
1751,2110
1752,2107
1753,2107
1754,2105
1755,2105
1756,2108
1757,2108
1758,2110
1759,2109
1760,2106
1761,2112
1762,2113
1763,2109
1764,2111
1765,2112
1766,2114
1767,2125
1768,2108
1769,2108
1770,2107
1771,2108
1772,2107
1773,2108
1774,2107
1775,2109
1776,2101
1777,2107
1778,2108
1779,2107
1780,2109
1781,2111
1782,2110
1783,2108
1784,2109
1785,2105
1786,2109
1787,2101
1788,2105
1789,2104
1790,2108
1791,2105
1792,2106
1793,2105
1794,2112
1795,2106
1796,2106
1797,2108
1798,2110
1799,2111
1800,2108
1801,2109
1802,2111
1803,2108
1804,2105
1805,2110
1806,2108
1807,2105
1808,2096
1809,2113
1810,2102
1811,2108
1812,2110
1813,2107
1814,2102
1815,2108
1816,2112
1817,2110
1818,2110
1819,2108
1820,2105
1821,2108
1822,2108
1823,2107
1824,2106
1825,2125
1826,2102
1827,2108
1828,2108
1829,2100
1830,2108
1831,2110
1832,2111
1833,2105
1834,2107
1835,2110
1836,2108
1837,2107
1838,2109
1839,2105
1840,2103
1841,2102
1842,2106
1843,2110
1844,2135
1845,2104
1846,2108
1847,2108
1848,2110
1849,2109
1850,2108
1851,2108
1852,2108
1853,2108
1854,2108
1855,2110
1856,2106
1857,2109
1858,2109
1859,2108
1860,2110
1861,2102
1862,2109
1863,2106
1864,2105
1865,2108
1866,2108
1867,2104
1868,2110
1869,2111
1870,2110
1871,2110
1872,2109
1873,2100
1874,2108
1875,2107
1876,2108
1877,2108
1878,2128
1879,2106
1880,2108
1881,2103
1882,2108
1883,2109
1884,2110
1885,2111
1886,2107
1887,2108
1888,2109
1889,2110
1890,2108
1891,2109
1892,2110
1893,2107
1894,2109
1895,2108
1896,2120
1897,2067
1898,2107
1899,2109
1900,2107
1901,2108
1902,2108
1903,2111
1904,2110
1905,2108
1906,2108
1907,2110
1908,2106
1909,2107
1910,2102
1911,2105
1912,2104
1913,2104
1914,2100
1915,2111
1916,2108
1917,2085
1918,2109
1919,2106
1920,2111
1921,2109
1922,2111
1923,2108
1924,2107
1925,2113
1926,2115
1927,2105
1928,2108
1929,2108
1930,2112
1931,2117
1932,2111
1933,2109
1934,2108
1935,2112
1936,2109
1937,2109
1938,2110
1939,2107
1940,2105
1941,2112
1942,2108
1943,2110
1944,2105
1945,2107
1946,2107
1947,2106
1948,2104
1949,2112
1950,2108
1951,2110
1952,2108
1953,2105
1954,2107
1955,2109
1956,2110
1957,2104
1958,2109
1959,2111
1960,2108
1961,2108
1962,2109
1963,2101
1964,2109
1965,2105
1966,2108
1967,2118
1968,2109
1969,2106
1970,2116
1971,2118
1972,2112
1973,2105
1974,2108
1975,2112
1976,2108
1977,2103
1978,2110
1979,2113
1980,2107
1981,2108
1982,2103
1983,2107
1984,2104
1985,2115
1986,2108
1987,2114
1988,2105
1989,2106
1990,2107
1991,2108
1992,2112
1993,2108
1994,2108
1995,2107
1996,2109
1997,2107
1998,2109
1999,2105
2000,2104
2001,2104
2002,2114
2003,2112
2004,2105
2005,2108
2006,2108
2007,2111
2008,2108
2009,2111
2010,2107
2011,2109
2012,2111
2013,2108
2014,2106
2015,2110
2016,2107
2017,2105
2018,2105
2019,2102
2020,2110
2021,2105
2022,2108
2023,2112
2024,2107
2025,2108
2026,2111
2027,2110
2028,2108
2029,2106
2030,2095
2031,2109
2032,2104
2033,2106
2034,2104
2035,2106
2036,2104
2037,2105
2038,2104
2039,2108
2040,2106
2041,2107
2042,2108
2043,2112
2044,2112
2045,2113
2046,2113
2047,2108
2048,2110
2049,2110
2050,2108
2051,2107
2052,2109
2053,2108
2054,2108
2055,2101
2056,2102
2057,2113
2058,2108
2059,2110
2060,2104
2061,2109
2062,2109
2063,2108
2064,2110
2065,2110
2066,2108
2067,2104
2068,2105
2069,2108
2070,2103
2071,2104
2072,2083
2073,2103
2074,2104
2075,2110
2076,2101
2077,2106
2078,2108
2079,2110
2080,2109
2081,2109
2082,2119
2083,2108
2084,2110
2085,2108
2086,2103
2087,2108
2088,2109
2089,2105
2090,2108
2091,2137
2092,2109
2093,2108
2094,2110
2095,2108
2096,2107
2097,2110
2098,2110
2099,2109
2100,2104
2101,2112
2102,2109
2103,2108
2104,2107
2105,2106
2106,2113
2107,2106
2108,2116
2109,2113
2110,2117
2111,2110
2112,2106
2113,2110
2114,2107
2115,2108
2116,2110
2117,2111
2118,2110
2119,2105
2120,2110
2121,2108
2122,2108
2123,2108
2124,2104
2125,2102
2126,2103
2127,2105
2128,2104
2129,2100
2130,2107
2131,2108
2132,2108
2133,2109
2134,2108
2135,2110
2136,2107
2137,2109
2138,2105
2139,2111
2140,2102
2141,2105
2142,2103
2143,2106
2144,2107
2145,2107
2146,2105
2147,2110
2148,2110
2149,2105
2150,2098
2151,2108
2152,2110
2153,2108
2154,2107
2155,2107
2156,2108
2157,2106
2158,2106
2159,2109
2160,2112
2161,2109
2162,2102
2163,2106
2164,2123
2165,2110
2166,2105
2167,2108
2168,2109
2169,2105
2170,2112
2171,2109
2172,2108
2173,2098
2174,2107
2175,2107
2176,2106
2177,2110
2178,2126
2179,2104
2180,2112
2181,2108
2182,2112
2183,2106
2184,2107
2185,2108
2186,2110
2187,2108
2188,2108
2189,2109
2190,2109
2191,2110
2192,2107
2193,2108
2194,2108
2195,2104
2196,2110
2197,2051
2198,2105
2199,2110
2200,2106
2201,2110
2202,2109
2203,2110
2204,2106
2205,2108
2206,2105
2207,2110
2208,2111
2209,2105
2210,2107
2211,2107
2212,2103
2213,2104
2214,2104
2215,2104
2216,2102
2217,2103
2218,2104
2219,2110
2220,2109
2221,2110
2222,2108
2223,2110
2224,2113
2225,2110
2226,2113
2227,2107
2228,2105
2229,2104
2230,2107
2231,2118
2232,2107
2233,2107
2234,2108
2235,2111
2236,2107
2237,2109
2238,2110
2239,2128
2240,2106
2241,2107
2242,2110
2243,2106
2244,2109
2245,2105
2246,2108
2247,2103
2248,2103
2249,2108
2250,2105
2251,2105
2252,2108
2253,2105
2254,2104
2255,2108
2256,2110
2257,2108
2258,2109
2259,2112
2260,2110
2261,2109
2262,2108
2263,2106
2264,2105
2265,2106
2266,2107
2267,2113
2268,2107
2269,2108
2270,2105
2271,2108
2272,2109
2273,2106
2274,2108
2275,2108
2276,2111
2277,2108
2278,2111
2279,2113
2280,2110
2281,2106
2282,2110
2283,2106
2284,2109
2285,2110
2286,2110
2287,2106
2288,2103
2289,2106
2290,2103
2291,2107
2292,2110
2293,2110
2294,2109
2295,2110
2296,2107
2297,2104
2298,2109
2299,2105
2300,2107
2301,2108
2302,2103
2303,2110
2304,2107
2305,2108
2306,2108
2307,2108
2308,2108
2309,2111
2310,2108
2311,2109
2312,2106
2313,2109
2314,2122
2315,2110
2316,2110
2317,2106
2318,2106
2319,2102
2320,2106
2321,2109
2322,2113
2323,2111
2324,2103
2325,2106
2326,2106
2327,2108
2328,2111
2329,2110
2330,2107
2331,2118
2332,2105
2333,2104
2334,2105
2335,2104
2336,2104
2337,2106
2338,2104
2339,2109
2340,2110
2341,2098
2342,2115
2343,2110
2344,2107
2345,2103
2346,2108
2347,2110
2348,2107
2349,2108
2350,2108
2351,2106
2352,2106
2353,2105
2354,2105
2355,2108
2356,2107
2357,2106
2358,2109
2359,2106
2360,2108
2361,2106
2362,2108
2363,2108
2364,2108
2365,2110
2366,2108
2367,2120
2368,2107
2369,2111
2370,2104
2371,2112
2372,2123
2373,2106
2374,2110
2375,2108
2376,2102
2377,2104
2378,2111
2379,2106
2380,2104
2381,2108
2382,2110
2383,2108
2384,2106
2385,2106
2386,2105
2387,2106
2388,2103
2389,2109
2390,2107
2391,2104
2392,2106
2393,2107
2394,2108
2395,2108
2396,2110
2397,2110
2398,2105
2399,2114
2400,2111
2401,2105
2402,2105
2403,2106
2404,2105
2405,2109
2406,2105
2407,2108
2408,2112
2409,2105
2410,2102
2411,2105
2412,2110
2413,2108
2414,2111
2415,2112
2416,2103
2417,2105
2418,2110
2419,2107
2420,2110
2421,2106
2422,2110
2423,2104
2424,2100
2425,2104
2426,2105
2427,2100
2428,2105
2429,2105
2430,2109
2431,2109
2432,2100
2433,2111
2434,2108
2435,2111
2436,2110
2437,2108
2438,2108
2439,2108
2440,2105
2441,2109
2442,2108
2443,2105
2444,2101
2445,2110
2446,2107
2447,2112
2448,2109
2449,2109
2450,2107
2451,2103
2452,2109
2453,2108
2454,2109
2455,2104
2456,2103
2457,2112
2458,2104
2459,2108
2460,2109
2461,2104
2462,2106
2463,2108
2464,2099
2465,2107
2466,2110
2467,2112
2468,2107
2469,2107
2470,2108
2471,2116
2472,2111
2473,2106
2474,2107
2475,2107
2476,2107
2477,2110
2478,2109
2479,2106
2480,2109
2481,2105
2482,2110
2483,2110
2484,2105
2485,2107
2486,2108
2487,2110
2488,2108
2489,2105
2490,2110
2491,2108
2492,2106
2493,2108
2494,2100
2495,2105
2496,2106
2497,2079
2498,2110
2499,2118
2500,2107
2501,2105
2502,2111
2503,2108
2504,2107
2505,2109
2506,2108
2507,2108
2508,2108
2509,2107
2510,2107
2511,2109
2512,2108
2513,2109
2514,2100
2515,2106
2516,2107
2517,2110
2518,2106
2519,2110
2520,2110
2521,2107
2522,2112
2523,2105
2524,2108
2525,2107
2526,2111
2527,2110
2528,2106
2529,2106
2530,2106
2531,2112
2532,2096
2533,2105
2534,2101
2535,2111
2536,2113
2537,2105
2538,2110
2539,2108
2540,2107
2541,2109
2542,2110
2543,2109
2544,2106
2545,2105
2546,2107
2547,2107
2548,2106
2549,2110
2550,2093
2551,2108
2552,2109
2553,2108
2554,2091
2555,2110
2556,2108
2557,2112
2558,2112
2559,2110
2560,2103
2561,2110
2562,2106
2563,2105
2564,2103
2565,2107
2566,2101
2567,2110
2568,2110
2569,2107
2570,2109
2571,2107
2572,2115
2573,2110
2574,2111
2575,2110
2576,2108
2577,2109
2578,2108
2579,2113
2580,2103
2581,2108
2582,2111
2583,2105
2584,2107
2585,2108
2586,2115
2587,2106
2588,2108
2589,2110
2590,2108
2591,2113
2592,2110
2593,2107
2594,2108
2595,2106
2596,2111
2597,2109
2598,2105
2599,2105
2600,2104
2601,2105
2602,2096
2603,2104
2604,2108
2605,2109
2606,2109
2607,2109
2608,2108
2609,2110
2610,2112
2611,2109
2612,2108
2613,2117
2614,2138
2615,2109
2616,2110
2617,2108
2618,2107
2619,2106
2620,2106
2621,2108
2622,2109
2623,2097
2624,2104
2625,2109
2626,2111
2627,2111
2628,2110
2629,2109
2630,2113
2631,2107
2632,2109
2633,2102
2634,2108
2635,2103
2636,2105
2637,2105
2638,2113
2639,2107
2640,2106
2641,2104
2642,2108
2643,2084
2644,2107
2645,2111
2646,2110
2647,2104
2648,2104
2649,2107
2650,2106
2651,2107
2652,2109
2653,2105
2654,2104
2655,2101
2656,2104
2657,2106
2658,2108
2659,2108
2660,2106
2661,2107
2662,2110
2663,2111
2664,2108
2665,2108
2666,2110
2667,2094
2668,2105
2669,2110
2670,2106
2671,2106
2672,2094
2673,2107
2674,2105
2675,2105
2676,2108
2677,2106
2678,2108
2679,2109
2680,2106
2681,2107
2682,2111
2683,2107
2684,2108
2685,2108
2686,2104
2687,2108
2688,2106
2689,2107
2690,2110
2691,2055
2692,2102
2693,2108
2694,2110
2695,2104
2696,2108
2697,2107
2698,2107
2699,2108
2700,2118
2701,2108
2702,2108
2703,2106
2704,2111
2705,2106
2706,2105
2707,2105
2708,2120
2709,2113
2710,2107
2711,2106
2712,2111
2713,2108
2714,2115
2715,2105
2716,2109
2717,2108
2718,2108
2719,2108
2720,2116
2721,2106
2722,2104
2723,2109
2724,2105
2725,2112
2726,2114
2727,2106
2728,2109
2729,2103
2730,2110
2731,2105
2732,2104
2733,2108
2734,2106
2735,2112
2736,2108
2737,2108
2738,2105
2739,2109
2740,2108
2741,2108
2742,2108
2743,2109
2744,2077
2745,2107
2746,2108
2747,2110
2748,2110
2749,2111
2750,2111
2751,2108
2752,2107
2753,2109
2754,2111
2755,2105
2756,2108
2757,2107
2758,2106
2759,2108
2760,2105
2761,2110
2762,2099
2763,2107
2764,2067
2765,2110
2766,2107
2767,2112
2768,2107
2769,2112
2770,2110
2771,2112
2772,2109
2773,2114
2774,2105
2775,2108
2776,2101
2777,2107
2778,2115
2779,2110
2780,2110
2781,2107
2782,2103
2783,2105
2784,2110
2785,2107
2786,2108
2787,2111
2788,2108
2789,2109
2790,2108
2791,2110
2792,2104
2793,2112
2794,2104
2795,2110
2796,2122
2797,2108
2798,2111
2799,2108
2800,2107
2801,2108
2802,2108
2803,2108
2804,2108
2805,2109
2806,2113
2807,2106
2808,2112
2809,2109
2810,2110
2811,2107
2812,2106
2813,2110
2814,2110
2815,2104
2816,2108
2817,2100
2818,2104
2819,2110
2820,2111
2821,2108
2822,2111
2823,2110
2824,2109
2825,2110
2826,2104
2827,2106
2828,2108
2829,2103
2830,2109
2831,2098
2832,2096
2833,2110
2834,2103
2835,2105
2836,2108
2837,2108
2838,2104
2839,2111
2840,2111
2841,2109
2842,2104
2843,2111
2844,2110
2845,2107
2846,2108
2847,2105
2848,2103
2849,2107
2850,2142
2851,2105
2852,2107
2853,2104
2854,2105
2855,2110
2856,2111
2857,2105
2858,2105
2859,2111
2860,2110
2861,2110
2862,2110
2863,2107
2864,2103
2865,2108
2866,2106
2867,2098
2868,2110
2869,2108
2870,2105
2871,2101
2872,2107
2873,2109
2874,2108
2875,2105
2876,2111
2877,2106
2878,2105
2879,2104
2880,2108
2881,2109
2882,2108
2883,2107
2884,2110
2885,2115
2886,2105
2887,2104
2888,2107
2889,2109
2890,2107
2891,2107
2892,2108
2893,2110
2894,2107
2895,2110
2896,2105
2897,2111
2898,2106
2899,2106
2900,2079
2901,2100
2902,2114
2903,2086
2904,2109
2905,2108
2906,2108
2907,2109
2908,2110
2909,2109
2910,2110
2911,2107
2912,2108
2913,2106
2914,2030
2915,2109
2916,2105
2917,2109
2918,2104
2919,2108
2920,2106
2921,2108
2922,2107
2923,2104
2924,2111
2925,2105
2926,2114
2927,2108
2928,2108
2929,2110
2930,2104
2931,2105
2932,2109
2933,2110
2934,2110
2935,2105
2936,2106
2937,2106
2938,2107
2939,2105
2940,2104
2941,2105
2942,2098
2943,2109
2944,2111
2945,2105
2946,2110
2947,2106
2948,2106
2949,2107
2950,2108
2951,2108
2952,2105
2953,2104
2954,2108
2955,2099
2956,2109
2957,2108
2958,2109
2959,2109
2960,2111
2961,2108
2962,2105
2963,2114
2964,2109
2965,2108
2966,2110
2967,2090
2968,2104
2969,2107
2970,2105
2971,2105
2972,2109
2973,2103
2974,2099
2975,2112
2976,2115
2977,2106
2978,2108
2979,2110
2980,2110
2981,2106
2982,2110
2983,2105
2984,2110
2985,2110
2986,2111
2987,2108
2988,2105
2989,2112
2990,2110
2991,2118
2992,2105
2993,2106
2994,2108
2995,2110
2996,2111
2997,2104
2998,2111
2999,2108
3000,2112
3001,2109
3002,2108
3003,2102
3004,2108
3005,2107
3006,2108
3007,2107
3008,2120
3009,2113
3010,2109
3011,2105
3012,2112
3013,2108
3014,2108
3015,2107
3016,2116
3017,2114
3018,2111
3019,2111
3020,2124
3021,2108
3022,2105
3023,2108
3024,2104
3025,2115
3026,2110
3027,2105
3028,2105
3029,2111
3030,2107
3031,2104
3032,2117
3033,2108
3034,2107
3035,2108
3036,2108
3037,2108
3038,2106
3039,2122
3040,2104
3041,2102
3042,2103
3043,2104
3044,2114
3045,2106
3046,2109
3047,2107
3048,2105
3049,2111
3050,2115
3051,2111
3052,2108
3053,2108
3054,2107
3055,2106
3056,2109
3057,2105
3058,2105
3059,2109
3060,2102
3061,2105
3062,2101
3063,2107
3064,2131
3065,2108
3066,2110
3067,2104
3068,2106
3069,2112
3070,2106
3071,2107
3072,2117
3073,2119
3074,2107
3075,2104
3076,2115
3077,2108
3078,2110
3079,2105
3080,2109
3081,2110
3082,2107
3083,2108
3084,2109
3085,2108
3086,2108
3087,2112
3088,2105
3089,2110
3090,2110
3091,2106
3092,2110
3093,2108
3094,2102
3095,2109
3096,2098
3097,2073
3098,2112
3099,2111
3100,2108
3101,2107
3102,2106
3103,2107
3104,2108
3105,2106
3106,2107
3107,2111
3108,2105
3109,2101
3110,2108
3111,2108
3112,2108
3113,2108
3114,2108
3115,2105
3116,2101
3117,2135
3118,2108
3119,2108
3120,2108
3121,2108
3122,2107
3123,2108
3124,2108
3125,2110
3126,2101
3127,2107
3128,2108
3129,2109
3130,2104
3131,2103
3132,2119
3133,2108
3134,2110
3135,2105
3136,2109
3137,2111
3138,2107
3139,2105
3140,2112
3141,2109
3142,2106
3143,2111
3144,2108
3145,2104
3146,2107
3147,2106
3148,2106
3149,2112
3150,2121
3151,2102
3152,2109
3153,2108
3154,2108
3155,2106
3156,2110
3157,2108
3158,2110
3159,2109
3160,2114
3161,2107
3162,2108
3163,2111
3164,2108
3165,2104
3166,2105
3167,2109
3168,2105
3169,2108
3170,2094
3171,2104
3172,2105
3173,2111
3174,2108
3175,2110
3176,2113
3177,2100
3178,2104
3179,2102
3180,2110
3181,2105
3182,2104
3183,2105
3184,2112
3185,2106
3186,2107
3187,2100
3188,2110
3189,2110
3190,2107
3191,2110
3192,2108
3193,2107
3194,2110
3195,2108
3196,2107
3197,2106
3198,2110
3199,2104
3200,2109
3201,2105
3202,2100
3203,2121
3204,2110
3205,2108
3206,2105
3207,2105
3208,2108
3209,2111
3210,2110
3211,2114
3212,2108
3213,2112
3214,2038
3215,2108
3216,2106
3217,2108
3218,2104
3219,2109
3220,2106
3221,2110
3222,2112
3223,2101
3224,2108
3225,2107
3226,2106
3227,2108
3228,2108
3229,2109
3230,2109
3231,2110
3232,2112
3233,2108
3234,2103
3235,2104
3236,2099
3237,2102
3238,2095
3239,2107
3240,2105
3241,2108
3242,2106
3243,2109
3244,2105
3245,2120
3246,2100
3247,2108
3248,2107
3249,2108
3250,2110
3251,2111
3252,2106
3253,2108
3254,2101
3255,2107
3256,2109
3257,2107
3258,2104
3259,2105
3260,2108
3261,2108
3262,2111
3263,2108
3264,2110
3265,2109
3266,2105
3267,2127
3268,2105
3269,2108
3270,2105
3271,2109
3272,2117
3273,2104
3274,2106
3275,2110
3276,2112
3277,2106
3278,2110
3279,2105
3280,2108
3281,2106
3282,2111
3283,2107
3284,2110
3285,2112
3286,2105
3287,2108
3288,2101
3289,2107
3290,2104
3291,2063
3292,2104
3293,2109
3294,2108
3295,2109
3296,2107
3297,2109
3298,2108
3299,2108
3300,2112
3301,2112
3302,2108
3303,2109
3304,2110
3305,2108
3306,2104
3307,2102
3308,2119
3309,2112
3310,2105
3311,2109
3312,2108
3313,2110
3314,2111
3315,2107
3316,2102
3317,2109
3318,2101
3319,2110
3320,2112
3321,2108
3322,2105
3323,2105
3324,2112
3325,2118
3326,2108
3327,2107
3328,2104
3329,2112
3330,2106
3331,2095
3332,2101
3333,2107
3334,2112
3335,2111
3336,2108
3337,2109
3338,2104
3339,2106
3340,2106
3341,2106
3342,2110
3343,2104
3344,2076
3345,2107
3346,2105
3347,2106
3348,2107
3349,2105
3350,2110
3351,2105
3352,2110
3353,2110
3354,2107
3355,2107
3356,2108
3357,2102
3358,2104
3359,2107
3360,2103
3361,2107
3362,2101
3363,2103
3364,2178
3365,2108
3366,2109
3367,2108
3368,2119
3369,2104
3370,2108
3371,2108
3372,2109
3373,2115
3374,2108
3375,2108
3376,2100
3377,2111
3378,2090
3379,2106
3380,2107
3381,2102
3382,2078
3383,2111
3384,2112
3385,2108
3386,2111
3387,2106
3388,2106
3389,2110
3390,2104
3391,2106
3392,2105
3393,2108
3394,2103
3395,2111
3396,2118
3397,2071
3398,2105
3399,2104
3400,2110
3401,2109
3402,2108
3403,2104
3404,2108
3405,2108
3406,2113
3407,2108
3408,2106
3409,2106
3410,2109
3411,2106
3412,2108
3413,2106
3414,2107
3415,2106
3416,2104
3417,2107
3418,2108
3419,2110
3420,2107
3421,2110
3422,2110
3423,2108
3424,2108
3425,2105
3426,2104
3427,2108
3428,2110
3429,2101
3430,2105
3431,2096
3432,2117
3433,2108
3434,2105
3435,2102
3436,2107
3437,2110
3438,2110
3439,2105
3440,2108
3441,2109
3442,2109
3443,2109
3444,2110
3445,2108
3446,2107
3447,2112
3448,2105
3449,2110
3450,2133
3451,2108
3452,2120
3453,2111
3454,2111
3455,2106
3456,2109
3457,2108
3458,2109
3459,2112
3460,2104
3461,2110
3462,2101
3463,2110
3464,2108
3465,2108
3466,2108
3467,2123
3468,2109
3469,2108
3470,2104
3471,2108
3472,2108
3473,2113
3474,2111
3475,2110
3476,2109
3477,2107
3478,2108
3479,2105
3480,2107
3481,2111
3482,2100
3483,2106
3484,2109
3485,2107
3486,2107
3487,2107
3488,2111
3489,2114
3490,2109
3491,2110
3492,2108
3493,2101
3494,2109
3495,2110
3496,2108
3497,2108
3498,2105
3499,2108
3500,2108
3501,2107
3502,2108
3503,2113
3504,2109
3505,2108
3506,2111
3507,2106
3508,2109
3509,2110
3510,2110
3511,2108
3512,2105
3513,2107
3514,2137
3515,2107
3516,2112
3517,2114
3518,2104
3519,2103
3520,2102
3521,2108
3522,2118
3523,2103
3524,2104
3525,2108
3526,2111
3527,2108
3528,2109
3529,2107
3530,2105
3531,2108
3532,2111
3533,2110
3534,2108
3535,2106
3536,2110
3537,2104
3538,2116
3539,2114
3540,2108
3541,2108
3542,2108
3543,2109
3544,2110
3545,2109
3546,2111
3547,2108
3548,2106
3549,2106
3550,2092
3551,2110
3552,2101
3553,2109
3554,2102
3555,2105
3556,2106
3557,2108
3558,2108
3559,2108
3560,2107
3561,2110
3562,2109
3563,2111
3564,2111
3565,2108
3566,2108
3567,2126
3568,2108
3569,2108
3570,2108
3571,2111
3572,2124
3573,2110
3574,2105
3575,2107
3576,2112
3577,2108
3578,2108
3579,2109
3580,2110
3581,2108
3582,2107
3583,2106
3584,2109
3585,2110
3586,2102
3587,2109
3588,2102
3589,2104
3590,2108
3591,2057
3592,2109
3593,2110
3594,2105
3595,2110
3596,2105
3597,2109
3598,2111
3599,2107
3600,2109
3601,2112
3602,2109
3603,2107
3604,2105
3605,2105
3606,2113
3607,2104
3608,2098
3609,2104
3610,2108
3611,2107
3612,2107
3613,2108
3614,2108
3615,2108
3616,2110
3617,2116
3618,2110
3619,2118
3620,2109
3621,2105
3622,2106
3623,2108
3624,2110
3625,2119
3626,2112
3627,2107
3628,2110
3629,2114
3630,2107
3631,2108
3632,2109
3633,2108
3634,2111
3635,2107
3636,2110
3637,2107
3638,2108
3639,2105
3640,2103
3641,2105
3642,2108
3643,2108
3644,2081
3645,2109
3646,2109
3647,2109
3648,2098
3649,2107
3650,2108
3651,2108
3652,2112
3653,2117
3654,2110
3655,2109
3656,2108
3657,2108
3658,2108
3659,2107
3660,2106
3661,2103
3662,2101
3663,2106
3664,2105
3665,2110
3666,2108
3667,2109
3668,2107
3669,2109
3670,2110
3671,2109
3672,2110
3673,2116
3674,2106
3675,2106
3676,2106
3677,2105
3678,2132
3679,2106
3680,2105
3681,2105
3682,2102
3683,2107
3684,2108
3685,2110
3686,2110
3687,2110
3688,2110
3689,2109
3690,2109
3691,2108
3692,2108
3693,2103
3694,2099
3695,2109
3696,2104
3697,2056
3698,2110
3699,2108
3700,2105
3701,2107
3702,2106
3703,2106
3704,2108
3705,2110
3706,2108
3707,2114
3708,2110
3709,2105
3710,2106
3711,2105
3712,2108
3713,2106
3714,2111
3715,2103
3716,2104
3717,2101
3718,2110
3719,2108
3720,2116
3721,2114
3722,2107
3723,2108
3724,2110
3725,2110
3726,2103
3727,2108
3728,2108
3729,2107
3730,2108
3731,2122
3732,2097
3733,2106
3734,2114
3735,2106
3736,2106
3737,2110
3738,2109
3739,2110
3740,2110
3741,2114
3742,2106
3743,2111
3744,2107
3745,2108
3746,2108
3747,2106
3748,2120
3749,2095
3750,2105
3751,2108
3752,2107
3753,2106
3754,2108
3755,2107
3756,2109
3757,2110
3758,2109
3759,2110
3760,2100
3761,2107
3762,2105
3763,2107
3764,2103
3765,2109
3766,2108
3767,2102
3768,2111
3769,2106
3770,2105
3771,2108
3772,2108
3773,2109
3774,2110
3775,2104
3776,2108
3777,2110
3778,2110
3779,2108
3780,2107
3781,2107
3782,2103
3783,2105
3784,2106
3785,2107
3786,2106
3787,2111
3788,2110
3789,2105
3790,2109
3791,2109
3792,2111
3793,2106
3794,2109
3795,2109
3796,2106
3797,2107
3798,2110
3799,2119
3800,2112
3801,2111
3802,2123
3803,2116
3804,2105
3805,2108
3806,2108
3807,2110
3808,2107
3809,2111
3810,2111
3811,2109
3812,2109
3813,2110
3814,2102
3815,2110
3816,2120
3817,2108
3818,2106
3819,2108
3820,2111
3821,2106
3822,2107
3823,2098
3824,2106
3825,2107
3826,2108
3827,2109
3828,2109
3829,2111
3830,2102
3831,2111
3832,2111
3833,2107
3834,2108
3835,2090
3836,2102
3837,2108
3838,2106
3839,2107
3840,2106
3841,2108
3842,2106
3843,2106
3844,2100
3845,2109
3846,2110
3847,2106
3848,2110
3849,2108
3850,2104
3851,2107
3852,2108
3853,2108
3854,2096
3855,2102
3856,2103
3857,2108
3858,2110
3859,2108
3860,2106
3861,2111
3862,2110
3863,2107
3864,2109
3865,2109
3866,2109
3867,2108
3868,2122
3869,2113
3870,2105
3871,2105
3872,2110
3873,2107
3874,2102
3875,2110
3876,2110
3877,2103
3878,2108
3879,2108
3880,2107
3881,2105
3882,2107
3883,2113
3884,2107
3885,2111
3886,2107
3887,2105
3888,2112
3889,2106
3890,2105
3891,2107
3892,2107
3893,2111
3894,2103
3895,2108
3896,2108
3897,2106
3898,2105
3899,2112
3900,2107
3901,2108
3902,2111
3903,2105
3904,2108
3905,2109
3906,2108
3907,2103
3908,2099
3909,2105
3910,2111
3911,2106
3912,2113
3913,2111
3914,2108
3915,2109
3916,2109
3917,2109
3918,2110
3919,2108
3920,2108
3921,2106
3922,2108
3923,2106
3924,2112
3925,2116
3926,2111
3927,2108
3928,2105
3929,2110
3930,2105
3931,2109
3932,2111
3933,2110
3934,2105
3935,2111
3936,2108
3937,2112
3938,2100
3939,2112
3940,2110
3941,2103
3942,2111
3943,2111
3944,2084
3945,2104
3946,2106
3947,2107
3948,2110
3949,2108
3950,2100
3951,2106
3952,2110
3953,2108
3954,2107
3955,2112
3956,2105
3957,2107
3958,2105
3959,2113
3960,2108
3961,2106
3962,2105
3963,2104
3964,2094
3965,2107
3966,2115
3967,2104
3968,2106
3969,2110
3970,2109
3971,2107
3972,2108
3973,2104
3974,2109
3975,2110
3976,2102
3977,2108
3978,2086
3979,2105
3980,2101
3981,2109
3982,2108
3983,2108
3984,2110
3985,2110
3986,2112
3987,2108
3988,2109
3989,2110
3990,2109
3991,2109
3992,2118
3993,2109
3994,2100
3995,2113
3996,2104
3997,2056
3998,2107
3999,2110
4000,2110
4001,2108
4002,2110
4003,2109
4004,2113
4005,2111
4006,2109
4007,2126
4008,2103
4009,2108
4010,2106
4011,2105
4012,2116
4013,2106
4014,2118
4015,2106
4016,2106
4017,2087
4018,2111
4019,2108
4020,2103
4021,2105
4022,2111
4023,2114
4024,2105
4025,2108
4026,2110
4027,2105
4028,2106
4029,2105
4030,2107
4031,2107
4032,2104
4033,2106
4034,2110
4035,2105
4036,2105
4037,2108
4038,2111
4039,2109
4040,2109
4041,2106
4042,2109
4043,2110
4044,2108
4045,2108
4046,2105
4047,2105
4048,2112
4049,2104
4050,2108
4051,2107
4052,2108
4053,2112
4054,2105
4055,2110
4056,2113
4057,2106
4058,2105
4059,2111
4060,2110
4061,2106
4062,2109
4063,2106
4064,2106
4065,2106
4066,2103
4067,2098
4068,2106
4069,2111
4070,2098
4071,2107
4072,2109
4073,2108
4074,2107
4075,2105
4076,2140
4077,2112
4078,2114
4079,2109
4080,2109
4081,2103
4082,2112
4083,2108
4084,2104
4085,2106
4086,2108
4087,2104
4088,2104
4089,2110
4090,2110
4091,2108
4092,2109
4093,2108
4094,2108
4095,2110
4096,2108
4097,2108
4098,2108
4099,2111
4100,2108
4101,2104
4102,2123
4103,2115
4104,2107
4105,2128
4106,2104
4107,2104
4108,2107
4109,2113
4110,2106
4111,2108
4112,2109
4113,2111
4114,2084
4115,2109
4116,2112
4117,2108
4118,2107
4119,2111
4120,2107
4121,2110
4122,2107
4123,2109
4124,2106
4125,2111
4126,2108
4127,2110
4128,2119
4129,2111
4130,2109
4131,2110
4132,2106
4133,2108
4134,2107
4135,2106
4136,2105
4137,2105
4138,2103
4139,2110
4140,2109
4141,2106
4142,2110
4143,2108
4144,2106
4145,2101
4146,2111
4147,2118
4148,2104
4149,2110
4150,2109
4151,2110
4152,2107
4153,2107
4154,2103
4155,2105
4156,2113
4157,2109
4158,2104
4159,2105
4160,2106
4161,2108
4162,2108
4163,2108
4164,2110
4165,2110
4166,2109
4167,2110
4168,2109
4169,2110
4170,2105
4171,2105
4172,2088
4173,2104
4174,2105
4175,2108
4176,2110
4177,2106
4178,2108
4179,2108
4180,2107
4181,2104
4182,2110
4183,2109
4184,2110
4185,2108
4186,2108
4187,2108
4188,2104
4189,2104
4190,2111
4191,2084
4192,2110
4193,2108
4194,2108
4195,2108
4196,2109
4197,2108
4198,2111
4199,2108
4200,2108
4201,2108
4202,2109
4203,2108
4204,2113
4205,2109
4206,2104
4207,2105
4208,2104
4209,2105
4210,2110
4211,2110
4212,2106
4213,2108
4214,2108
4215,2105
4216,2107
4217,2111
4218,2112
4219,2114
4220,2094
4221,2106
4222,2109
4223,2106
4224,2112
4225,2110
4226,2112
4227,2105
4228,2108
4229,2107
4230,2105
4231,2112
4232,2108
4233,2113
4234,2111
4235,2109
4236,2110
4237,2112
4238,2109
4239,2107
4240,2107
4241,2116
4242,2107
4243,2105
4244,2078
4245,2106
4246,2106
4247,2108
4248,2106
4249,2104
4250,2105
4251,2109
4252,2110
4253,2106
4254,2111
4255,2104
4256,2105
4257,2107
4258,2106
4259,2107
4260,2101
4261,2103
4262,2111
4263,2108
4264,2127
4265,2108
4266,2108
4267,2108
4268,2109
4269,2109
4270,2108
4271,2103
4272,2105
4273,2096
4274,2110
4275,2108
4276,2102
4277,2110
4278,2085
4279,2107
4280,2118
4281,2109
4282,2109
4283,2104
4284,2113
4285,2117
4286,2108
4287,2108
4288,2110
4289,2110
4290,2111
4291,2108
4292,2109
4293,2108
4294,2107
4295,2111
4296,2121
4297,2089
4298,2106
4299,2106
4300,2105
4301,2111
4302,2108
4303,2108
4304,2103
4305,2105
4306,2110
4307,2112
4308,2110
4309,2110
4310,2105
4311,2107
4312,2110
4313,2104
4314,2097
4315,2107
4316,2109
4317,2106
4318,2108
4319,2110
4320,2110
4321,2116
4322,2109
4323,2109
4324,2108
4325,2109
4326,2113
4327,2106
4328,2110
4329,2105
4330,2106
4331,2103
4332,2097
4333,2106
4334,2106
4335,2109
4336,2106
4337,2111
4338,2106
4339,2109
4340,2109
4341,2110
4342,2109
4343,2106
4344,2108
4345,2108
4346,2110
4347,2107
4348,2120
4349,2108
4350,2121
4351,2107
4352,2111
4353,2097
4354,2104
4355,2109
4356,2111
4357,2110
4358,2107
4359,2108
4360,2111
4361,2109
4362,2108
4363,2107
4364,2110
4365,2109
4366,2107
4367,2096
4368,2107
4369,2105
4370,2118
4371,2105
4372,2110
4373,2109
4374,2110
4375,2107
4376,2108
4377,2107
4378,2100
4379,2110
4380,2108
4381,2105
4382,2104
4383,2107
4384,2106
4385,2105
4386,2106
4387,2106
4388,2106
4389,2108
4390,2110
4391,2109
4392,2104
4393,2110
4394,2110
4395,2110
4396,2105
4397,2108
4398,2108
4399,2108
4400,2109
4401,2110
4402,2107
4403,2115
4404,2106
4405,2107
4406,2110
4407,2102
4408,2108
4409,2110
4410,2107
4411,2107
4412,2106
4413,2106
4414,2126
4415,2109
4416,2106
4417,2108
4418,2108
4419,2107
4420,2111
4421,2112
4422,2088
4423,2114
4424,2109
4425,2108
4426,2108
4427,2110
4428,2109
4429,2109
4430,2108
4431,2108
4432,2108
4433,2110
4434,2112
4435,2109
4436,2105
4437,2108
4438,2100
4439,2110
4440,2104
4441,2107
4442,2104
4443,2107
4444,2106
4445,2110
4446,2106
4447,2108
4448,2108
4449,2106
4450,2109
4451,2110
4452,2108
4453,2106
4454,2107
4455,2108
4456,2106
4457,2108
4458,2108
4459,2109
4460,2107
4461,2110
4462,2110
4463,2115
4464,2109
4465,2111
4466,2109
4467,2116
4468,2111
4469,2108
4470,2110
4471,2106
4472,2119
4473,2110
4474,2105
4475,2108
4476,2107
4477,2108
4478,2110
4479,2106
4480,2108
4481,2109
4482,2109
4483,2108
4484,2110
4485,2110
4486,2105
4487,2109
4488,2109
4489,2108
4490,2113
4491,2074
4492,2096
4493,2108
4494,2110
4495,2108
4496,2110
4497,2106
4498,2106
4499,2110
4500,2108
4501,2110
4502,2108
4503,2108
4504,2107
4505,2111
4506,2103
4507,2107
4508,2116
4509,2102
4510,2105
4511,2109
4512,2108
4513,2105
4514,2109
4515,2110
4516,2108
4517,2111
4518,2110
4519,2108
4520,2093
4521,2109
4522,2110
4523,2106
4524,2102
4525,2110
4526,2110
4527,2104
4528,2106
4529,2106
4530,2108
4531,2105
4532,2109
4533,2109
4534,2109
4535,2110
4536,2110
4537,2106
4538,2108
4539,2103
4540,2106
4541,2108
4542,2113
4543,2108
4544,2107
4545,2107
4546,2105
4547,2106
4548,2110
4549,2110
4550,2101
4551,2110
4552,2108
4553,2105
4554,2111
4555,2112
4556,2112
4557,2108
4558,2105
4559,2109
4560,2105
4561,2099
4562,2102
4563,2110
4564,2114
4565,2108
4566,2105
4567,2108
4568,2108
4569,2107
4570,2107
4571,2110
4572,2109
4573,2102
4574,2106
4575,2110
4576,2105
4577,2108
4578,2109
4579,2106
4580,2107
4581,2106
4582,2110
4583,2110
4584,2106
4585,2105
4586,2110
4587,2108
4588,2108
4589,2110
4590,2106
4591,2108
4592,2107
4593,2108
4594,2108
4595,2109
4596,2108
4597,2111
4598,2109
4599,2110
4600,2105
4601,2107
4602,2108
4603,2106
4604,2104
4605,2108
4606,2117
4607,2109
4608,2107
4609,2111
4610,2102
4611,2096
4612,2107
4613,2112
4614,2106
4615,2103
4616,2105
4617,2093
4618,2108
4619,2110
4620,2112
4621,2111
4622,2109
4623,2098
4624,2106
4625,2108
4626,2114
4627,2107
4628,2106
4629,2109
4630,2102
4631,2112
4632,2099
4633,2108
4634,2096
4635,2116
4636,2106
4637,2107
4638,2108
4639,2109
4640,2108
4641,2110
4642,2108
4643,2109
4644,2106
4645,2109
4646,2110
4647,2108
4648,2105
4649,2112
4650,2132
4651,2105
4652,2108
4653,2108
4654,2108
4655,2110
4656,2109
4657,2110
4658,2109
4659,2110
4660,2108
4661,2108
4662,2105
4663,2109
4664,2108
4665,2107
4666,2109
4667,2108
4668,2111
4669,2090
4670,2125
4671,2108
4672,2108
4673,2114
4674,2107
4675,2115
4676,2111
4677,2105
4678,2112
4679,2118
4680,2107
4681,2109
4682,2106
4683,2110
4684,2107
4685,2108
4686,2107
4687,2110
4688,2109
4689,2109
4690,2109
4691,2111
4692,2109
4693,2110
4694,2110
4695,2109
4696,2110
4697,2106
4698,2108
4699,2108
4700,2093
4701,2102
4702,2095
4703,2107
4704,2106
4705,2108
4706,2108
4707,2107
4708,2108
4709,2110
4710,2112
4711,2107
4712,2116
4713,2108
4714,2127
4715,2111
4716,2107
4717,2105
4718,2107
4719,2105
4720,2105
4721,2104
4722,2109
4723,2115
4724,2105
4725,2111
4726,2109
4727,2111
4728,2107
4729,2108
4730,2109
4731,2108
4732,2107
4733,2109
4734,2107
4735,2108
4736,2108
4737,2109
4738,2095
4739,2109
4740,2107
4741,2108
4742,2110
4743,2109
4744,2108
4745,2111
4746,2108
4747,2108
4748,2103
4749,2109
4750,2105
4751,2110
4752,2111
4753,2106
4754,2106
4755,2103
4756,2105
4757,2105
4758,2106
4759,2105
4760,2107
4761,2106
4762,2110
4763,2106
4764,2108
4765,2108
4766,2107
4767,2110
4768,2107
4769,2098
4770,2112
4771,2103
4772,2115
4773,2094
4774,2105
4775,2107
4776,2103
4777,2107
4778,2108
4779,2109
4780,2106
4781,2108
4782,2111
4783,2108
4784,2105
4785,2114
4786,2107
4787,2110
4788,2104
4789,2108
4790,2113
4791,2119
4792,2106
4793,2110
4794,2108
4795,2110
4796,2106
4797,2104
4798,2110
4799,2105
4800,2114
4801,2108
4802,2106
4803,2108
4804,2108
4805,2109
4806,2104
4807,2104
4808,2111
4809,2103
4810,2106
4811,2105
4812,2110
4813,2107
4814,2109
4815,2109
4816,2110
4817,2108
4818,2109
4819,2109
4820,2103
4821,2104
4822,2108
4823,2110
4824,2110
4825,2103
4826,2109
4827,2107
4828,2108
4829,2106
4830,2107
4831,2107
4832,2110
4833,2107
4834,2108
4835,2108
4836,2110
4837,2106
4838,2111
4839,2110
4840,2105
4841,2109
4842,2110
4843,2108
4844,2101
4845,2103
4846,2108
4847,2108
4848,2108
4849,2111
4850,2110
4851,2108
4852,2107
4853,2111
4854,2108
4855,2110
4856,2103
4857,2108
4858,2106
4859,2104
4860,2108
4861,2103
4862,2113
4863,2104
4864,2096
4865,2111
4866,2108
4867,2108
4868,2110
4869,2110
4870,2109
4871,2110
4872,2110
4873,2100
4874,2105
4875,2109
4876,2113
4877,2106
4878,2109
4879,2109
4880,2107
4881,2105
4882,2111
4883,2110
4884,2109
4885,2110
4886,2108
4887,2107
4888,2108
4889,2115
4890,2108
4891,2109
4892,2108
4893,2105
4894,2108
4895,2106
4896,2112
4897,2141
4898,2108
4899,2108
4900,2104
4901,2110
4902,2108
4903,2110
4904,2107
4905,2110
4906,2109
4907,2109
4908,2140
4909,2103
4910,2109
4911,2106
4912,2107
4913,2108
4914,2110
4915,2105
4916,2112
4917,2099
4918,2104
4919,2108
4920,2109
4921,2110
4922,2110
4923,2106
4924,2107
4925,2110
4926,2115
4927,2106
4928,2105
4929,2113
4930,2107
4931,2108
4932,2097
4933,2107
4934,2108
4935,2110
4936,2109
4937,2108
4938,2106
4939,2110
4940,2111
4941,2106
4942,2105
4943,2106
4944,2108
4945,2108
4946,2106
4947,2109
4948,2111
4949,2104
4950,2105
4951,2106
4952,2106
4953,2108
4954,2104
4955,2113
4956,2108
4957,2107
4958,2110
4959,2107
4960,2108
4961,2109
4962,2109
4963,2107
4964,2108
4965,2110
4966,2108
4967,2102
4968,2103
4969,2106
4970,2116
4971,2111
4972,2108
4973,2109
4974,2108
4975,2112
4976,2109
4977,2110
4978,2105
4979,2115
4980,2110
4981,2108
4982,2109
4983,2110
4984,2109
4985,2104
4986,2107
4987,2108
4988,2108
4989,2108
4990,2108
4991,2108
4992,2110
4993,2106
4994,2108
4995,2109
4996,2110
4997,2109
4998,2110
4999,2108
5000,2107
5001,2106
5002,2104
5003,2104
5004,2108
5005,2107
5006,2106
5007,2110
5008,2109
5009,2108
5010,2110
5011,2108
5012,2109
5013,2108
5014,2109
5015,2110
5016,2108
5017,2108
5018,2111
5019,2104
5020,2106
5021,2106
5022,2092
5023,2120
5024,2109
5025,2108
5026,2107
5027,2110
5028,2108
5029,2109
5030,2109
5031,2108
5032,2107
5033,2117
5034,2107
5035,2109
5036,2107
5037,2110
5038,2115
5039,2109
5040,2109
5041,2106
5042,2105
5043,2106
5044,2114
5045,2110
5046,2108
5047,2136
5048,2117
5049,2108
5050,2109
5051,2108
5052,2109
5053,2109
5054,2111
5055,2142
5056,2105
5057,2106
5058,2104
5059,2108
5060,2108
5061,2108
5062,2107
5063,2109
5064,2108
5065,2113
5066,2125
5067,2109
5068,2108
5069,2107
5070,2110
5071,2104
5072,2102
5073,2103
5074,2105
5075,2109
5076,2101
5077,2103
5078,2108
5079,2110
5080,2107
5081,2108
5082,2111
5083,2109
5084,2109
5085,2106
5086,2108
5087,2107
5088,2107
5089,2106
5090,2120
5091,2093
5092,2111
5093,2107
5094,2108
5095,2108
5096,2108
5097,2108
5098,2109
5099,2108
5100,2105
5101,2110
5102,2108
5103,2110
5104,2110
5105,2113
5106,2108
5107,2111
5108,2115
5109,2107
5110,2107
5111,2114
5112,2094
5113,2108
5114,2108
5115,2109
5116,2109
5117,2115
5118,2105
5119,2108
5120,2103
5121,2107
5122,2106
5123,2106
5124,2107
5125,2103
5126,2108
5127,2108
5128,2108
5129,2104
5130,2106
5131,2109
5132,2106
5133,2112
5134,2108
5135,2110
5136,2109
5137,2110
5138,2111
5139,2107
5140,2107
5141,2110
5142,2108
5143,2105
5144,2100
5145,2106
5146,2106
5147,2109
5148,2109
5149,2108
5150,2108
5151,2108
5152,2112
5153,2109
5154,2112
5155,2108
5156,2108
5157,2108
5158,2108
5159,2107
5160,2104
5161,2108
5162,2104
5163,2108
5164,2111
5165,2108
5166,2109
5167,2108
5168,2109
5169,2108
5170,2110
5171,2111
5172,2110
5173,2103
5174,2104
5175,2106
5176,2109
5177,2108
5178,2118
5179,2106
5180,2112
5181,2105
5182,2108
5183,2110
5184,2108
5185,2108
5186,2101
5187,2109
5188,2109
5189,2112
5190,2111
5191,2113
5192,2112
5193,2106
5194,2103
5195,2110
5196,2098
5197,2115
5198,2107
5199,2108
5200,2106
5201,2110
5202,2108
5203,2106
5204,2107
5205,2107
5206,2106
5207,2109
5208,2109
5209,2107
5210,2108
5211,2106
5212,2108
5213,2109
5214,2106
5215,2104
5216,2107
5217,2106
5218,2108
5219,2105
5220,2110
5221,2108
5222,2109
5223,2110
5224,2103
5225,2108
5226,2100
5227,2111
5228,2108
5229,2104
5230,2104
5231,2098
5232,2099
5233,2108
5234,2108
5235,2112
5236,2107
5237,2108
5238,2112
5239,2106
5240,2108
5241,2108
5242,2107
5243,2110
5244,2107
5245,2107
5246,2106
5247,2109
5248,2108
5249,2102
5250,2102
5251,2105
5252,2107
5253,2108
5254,2110
5255,2110
5256,2111
5257,2110
5258,2108
5259,2108
5260,2110
5261,2104
5262,2110
5263,2109
5264,2104
5265,2104
5266,2108
5267,2120
5268,2107
5269,2108
5270,2119
5271,2107
5272,2102
5273,2110
5274,2110
5275,2111
5276,2107
5277,2110
5278,2107
5279,2110
5280,2106
5281,2104
5282,2103
5283,2109
5284,2108
5285,2108
5286,2107
5287,2108
5288,2105
5289,2114
5290,2106
5291,2116
5292,2108
5293,2109
5294,2108
5295,2102
5296,2105
5297,2108
5298,2107
5299,2105
5300,2106
5301,2110
5302,2106
5303,2110
5304,2106
5305,2110
5306,2099
5307,2105
5308,2107
5309,2106
5310,2108
5311,2108
5312,2109
5313,2111
5314,2117
5315,2114
5316,2108
5317,2100
5318,2107
5319,2108
5320,2104
5321,2111
5322,2108
5323,2114
5324,2110
5325,2108
5326,2108
5327,2112
5328,2106
5329,2108
5330,2108
5331,2110
5332,2110
5333,2109
5334,2109
5335,2112
5336,2112
5337,2103
5338,2108
5339,2107
5340,2121
5341,2104
5342,2107
5343,2111
5344,2108
5345,2108
5346,2109
5347,2110
5348,2108
5349,2110
5350,2115
5351,2105
5352,2107
5353,2111
5354,2110
5355,2104
5356,2103
5357,2106
5358,2105
5359,2108
5360,2111
5361,2103
5362,2104
5363,2113
5364,2108
5365,2110
5366,2105
5367,2103
5368,2106
5369,2107
5370,2108
5371,2110
5372,2130
5373,2101
5374,2106
5375,2105
5376,2105
5377,2110
5378,2105
5379,2107
5380,2109
5381,2111
5382,2108
5383,2109
5384,2107
5385,2108
5386,2114
5387,2101
5388,2108
5389,2107
5390,2108
5391,2174
5392,2105
5393,2107
5394,2116
5395,2112
5396,2108
5397,2111
5398,2108
5399,2108
5400,2108
5401,2106
5402,2108
5403,2108
5404,2108
5405,2108
5406,2110
5407,2108
5408,2101
5409,2101
5410,2110
5411,2108
5412,2107
5413,2108
5414,2109
5415,2106
5416,2109
5417,2110
5418,2104
5419,2106
5420,2117
5421,2108
5422,2108
5423,2106
5424,2114
5425,2121
5426,2106
5427,2105
5428,2108
5429,2104
5430,2108
5431,2114
5432,2107
5433,2110
5434,2107
5435,2105
5436,2107
5437,2110
5438,2107
5439,2105
5440,2108
5441,2111
5442,2108
5443,2114
5444,2147
5445,2105
5446,2106
5447,2109
5448,2104
5449,2106
5450,2106
5451,2107
5452,2111
5453,2110
5454,2104
5455,2108
5456,2108
5457,2108
5458,2106
5459,2107
5460,2105
5461,2103
5462,2108
5463,2107
5464,2082
5465,2098
5466,2105
5467,2110
5468,2107
5469,2110
5470,2106
5471,2108
5472,2111
5473,2110
5474,2108
5475,2106
5476,2106
5477,2108
5478,2126
5479,2107
5480,2107
5481,2110
5482,2111
5483,2106
5484,2106
5485,2105
5486,2110
5487,2107
5488,2101
5489,2112
5490,2109
5491,2108
5492,2108
5493,2109
5494,2108
5495,2103
5496,2102
5497,2152
5498,2107
5499,2110
5500,2106
5501,2107
5502,2107
5503,2106
5504,2107
5505,2107
5506,2107
5507,2106
5508,2108
5509,2110
5510,2122
5511,2105
5512,2105
5513,2110
5514,2101
5515,2111
5516,2108
5517,2107
5518,2107
5519,2109
5520,2110
5521,2110
5522,2107
5523,2107
5524,2104
5525,2108
5526,2111
5527,2109
5528,2107
5529,2112
5530,2108
5531,2110
5532,2104
5533,2093
5534,2110
5535,2112
5536,2104
5537,2109
5538,2110
5539,2110
5540,2108
5541,2109
5542,2103
5543,2121
5544,2108
5545,2105
5546,2108
5547,2111
5548,2108
5549,2102
5550,2109
5551,2107
5552,2109
5553,2107
5554,2104
5555,2105
5556,2104
5557,2107
5558,2108
5559,2107
5560,2110
5561,2109
5562,2109
5563,2108
5564,2110
5565,2105
5566,2106
5567,2104
5568,2107
5569,2106
5570,2098
5571,2107
5572,2108
5573,2108
5574,2110
5575,2106
5576,2106
5577,2109
5578,2106
5579,2110
5580,2108
5581,2106
5582,2109
5583,2109
5584,2112
5585,2111
5586,2109
5587,2098
5588,2110
5589,2104
5590,2109
5591,2109
5592,2107
5593,2107
5594,2108
5595,2108
5596,2108
5597,2110
5598,2105
5599,2110
5600,2110
5601,2102
5602,2105
5603,2101
5604,2108
5605,2105
5606,2107
5607,2107
5608,2108
5609,2104
5610,2108
5611,2124
5612,2108
5613,2110
5614,2092
5615,2108
5616,2109
5617,2105
5618,2108
5619,2104
5620,2106
5621,2107
5622,2107
5623,2111
5624,2108
5625,2107
5626,2105
5627,2108
5628,2110
5629,2108
5630,2109
5631,2107
5632,2110
5633,2109
5634,2109
5635,2113
5636,2107
5637,2109
5638,2114
5639,2108
5640,2110
5641,2104
5642,2107
5643,2109
5644,2108
5645,2110
5646,2111
5647,2109
5648,2107
5649,2122
5650,2107
5651,2110
5652,2108
5653,2111
5654,2107
5655,2103
5656,2093
5657,2110
5658,2107
5659,2108
5660,2106
5661,2108
5662,2109
5663,2108
5664,2110
5665,2108
5666,2110
5667,2076
5668,2110
5669,2108
5670,2106
5671,2056
5672,2078
5673,2102
5674,2108
5675,2108
5676,2107
5677,2108
5678,2109
5679,2106
5680,2112
5681,2109
5682,2109
5683,2112
5684,2108
5685,2109
5686,2107
5687,2108
5688,2106
5689,2109
5690,2109
5691,2158
5692,2108
5693,2109
5694,2109
5695,2109
5696,2112
5697,2110
5698,2109
5699,2108
5700,2110
5701,2113
5702,2110
5703,2108
5704,2109
5705,2109
5706,2110
5707,2111
5708,2106
5709,2105
5710,2112
5711,2110
5712,2111
5713,2106
5714,2106
5715,2104
5716,2111
5717,2108
5718,2107
5719,2108
5720,2117
5721,2105
5722,2096
5723,2105
5724,2111
5725,2114
5726,2115
5727,2106
5728,2108
5729,2104
5730,2108
5731,2112
5732,2108
5733,2108
5734,2108
5735,2114
5736,2111
5737,2110
5738,2110
5739,2108
5740,2107
5741,2115
5742,2105
5743,2108
5744,2156
5745,2106
5746,2108
5747,2108
5748,2109
5749,2108
5750,2108
5751,2108
5752,2108
5753,2109
5754,2109
5755,2109
5756,2109
5757,2091
5758,2109
5759,2109
5760,2108
5761,2109
5762,2110
5763,2107
5764,2102
5765,2112
5766,2110
5767,2106
5768,2106
5769,2104
5770,2106
5771,2109
5772,2110
5773,2113
5774,2109
5775,2102
5776,2102
5777,2110
5778,2082
5779,2108
5780,2103
5781,2108
5782,2106
5783,2108
5784,2107
5785,2108
5786,2106
5787,2111
5788,2109
5789,2113
5790,2110
5791,2117
5792,2108
5793,2108
5794,2104
5795,2111
5796,2101
5797,2126
5798,2104
5799,2108
5800,2108
5801,2108
5802,2125
5803,2107
5804,2108
5805,2110
5806,2108
5807,2111
5808,2109
5809,2110
5810,2149
5811,2119
5812,2104
5813,2111
5814,2109
5815,2107
5816,2107
5817,2115
5818,2107
5819,2108
5820,2110
5821,2109
5822,2109
5823,2106
5824,2106
5825,2114
5826,2103
5827,2108
5828,2108
5829,2113
5830,2110
5831,2108
5832,2113
5833,2106
5834,2107
5835,2106
5836,2102
5837,2108
5838,2108
5839,2109
5840,2115
5841,2109
5842,2116
5843,2110
5844,2106
5845,2108
5846,2107
5847,2104
5848,2108
5849,2108
5850,2111
5851,2108
5852,2108
5853,2110
5854,2109
5855,2108
5856,2111
5857,2111
5858,2108
5859,2112
5860,2108
5861,2111
5862,2108
5863,2107
5864,2109
5865,2111
5866,2109
5867,2098
5868,2108
5869,2107
5870,2096
5871,2111
5872,2105
5873,2107
5874,2109
5875,2110
5876,2110
5877,2109
5878,2106
5879,2108
5880,2107
5881,2106
5882,2108
5883,2111
5884,2108
5885,2108
5886,2109
5887,2107
5888,2106
5889,2108
5890,2105
5891,2110
5892,2107
5893,2111
5894,2109
5895,2107
5896,2110
5897,2106
5898,2108
5899,2111
5900,2106
5901,2105
5902,2113
5903,2111
5904,2109
5905,2108
5906,2110
5907,2106
5908,2108
5909,2114
5910,2111
5911,2110
5912,2108
5913,2107
5914,2092
5915,2108
5916,2107
5917,2109
5918,2107
5919,2105
5920,2110
5921,2105
5922,2108
5923,2104
5924,2112
5925,2106
5926,2109
5927,2110
5928,2108
5929,2108
5930,2112
5931,2110
5932,2108
5933,2106
5934,2110
5935,2104
5936,2103
5937,2099
5938,2106
5939,2108
5940,2106
5941,2107
5942,2110
5943,2107
5944,2105
5945,2105
5946,2109
5947,2110
5948,2100
5949,2064
5950,2112
5951,2110
5952,2108
5953,2108
5954,2108
5955,2111
5956,2106
5957,2109
5958,2106
5959,2106
5960,2108
5961,2109
5962,2110
5963,2109
5964,2108
5965,2110
5966,2105
5967,2092
5968,2111
5969,2120
5970,2117
5971,2103
5972,2092
5973,2112
5974,2108
5975,2106
5976,2113
5977,2108
5978,2106
5979,2108
5980,2107
5981,2103
5982,2110
5983,2108
5984,2107
5985,2110
5986,2107
5987,2108
5988,2110
5989,2108
5990,2105
5991,2110
5992,2107
5993,2108
5994,2108
5995,2108
5996,2108
5997,2110
5998,2108
5999,2109

