
0,2102
1,2101
2,2101
3,2101
4,2101
5,2096
6,2096
7,2096
8,2095
9,2100
10,2101
11,2104
12,2101
13,2104
14,2105
15,2104
16,2104
17,2103
18,2105
19,2106
20,2103
21,2104
22,2105
23,2107
24,2110
25,2104
26,2103
27,2104
28,2110
29,2095
30,2107
31,2105
32,2104
33,2103
34,2104
35,2106
36,2096
37,2104
38,2103
39,2103
40,2102
41,2107
42,2105
43,2064
44,2104
45,2104
46,2104
47,2104
48,2104
49,2106
50,2111
51,2108
52,2111
53,2108
54,2106
55,2107
56,2108
57,2109
58,2103
59,2101
60,2108
61,2104
62,2105
63,2108
64,2108
65,2107
66,2105
67,2107
68,2110
69,2108
70,2108
71,2110
72,2108
73,2108
74,2110
75,2107
76,2107
77,2104
78,2104
79,2106
80,2108
81,2105
82,2107
83,2110
84,2106
85,2107
86,2108
87,2108
88,2106
89,2107
90,2109
91,2108
92,2106
93,2105
94,2110
95,2101
96,2056
97,2108
98,2108
99,2108
100,2101
101,2113
102,2108
103,2102
104,2110
105,2111
106,2108
107,2104
108,2109
109,2108
110,2106
111,2108
112,2107
113,2102
114,2103
115,2105
116,2106
117,2106
118,2104
119,2104
120,2109
121,2108
122,2108
123,2108
124,2100
125,2107
126,2108
127,2110
128,2108
129,2108
130,2086
131,2109
132,2111
133,2105
134,2106
135,2106
136,2105
137,2107
138,2109
139,2109
140,2101
141,2112
142,2112
143,2108
144,2107
145,2112
146,2108
147,2110
148,2113
149,2146
150,2108
151,2110
152,2105
153,2110
154,2109
155,2105
156,2107
157,2108
158,2106
159,2107
160,2105
161,2109
162,2110
163,2105
164,2111
165,2109
166,2108
167,2110
168,2140
169,2113
170,2108
171,2107
172,2109
173,2110
174,2109
175,2110
176,2108
177,2111
178,2108
179,2108
180,2112
181,2105
182,2104
183,2115
184,2101
185,2105
186,2108
187,2107
188,2108
189,2107
190,2103
191,2098
192,2109
193,2108
194,2108
195,2126
196,2109
197,2107
198,2108
199,2110
200,2105
201,2108
202,2171
203,2105
204,2106
205,2106
206,2104
207,2111
208,2105
209,2112
210,2109
211,2110
212,2108
213,2105
214,2107
215,2106
216,2105
217,2108
218,2110
219,2118
220,2108
221,2110
222,2112
223,2106
224,2105
225,2109
226,2108
227,2106
228,2112
229,2107
230,2105
231,2108
232,2108
233,2106
234,2106
235,2107
236,2114
237,2112
238,2098
239,2104
240,2112
241,2110
242,2110
243,2108
244,2112
245,2107
246,2122
247,2106
248,2111
249,2109
250,2108
251,2109
252,2112
253,2105
254,2108
255,2101
256,2105
257,2108
258,2107
259,2110
260,2107
261,2110
262,2110
263,2108
264,2093
265,2108
266,2108
267,2105
268,2104
269,2109
270,2104
271,2107
272,2097
273,2105
274,2109
275,2108
276,2105
277,2108
278,2112
279,2109
280,2109
281,2109
282,2111
283,2108
284,2108
285,2110
286,2109
287,2104
288,2104
289,2107
290,2113
291,2105
292,2108
293,2105
294,2106
295,2108
296,2108
297,2109
298,2110
299,2096
300,2110
301,2109
302,2107
303,2108
304,2107
305,2094
306,2114
307,2094
308,2101
309,2108
310,2106
311,2110
312,2109
313,2106
314,2103
315,2108
316,2109
317,2121
318,2110
319,2108
320,2111
321,2106
322,2108
323,2110
324,2120
325,2111
326,2105
327,2109
328,2100
329,2105
330,2107
331,2109
332,2114
333,2108
334,2108
335,2110
336,2108
337,2109
338,2109
339,2109
340,2108
341,2108
342,2110
343,2100
344,2106
345,2106
346,2109
347,2108
348,2107
349,2108
350,2112
351,2114
352,2104
353,2109
354,2108
355,2106
356,2110
357,2108
358,2107
359,2103
360,2112
361,2103
362,2107
363,2108
364,2108
365,2106
366,2106
367,2107
368,2111
369,2119
370,2110
371,2108
372,2106
373,2104
374,2108
375,2125
376,2102
377,2101
378,2110
379,2108
380,2106
381,2099
382,2105
383,2106
384,2109
385,2110
386,2108
387,2109
388,2110
389,2109
390,2107
391,2108
392,2110
393,2134
394,2110
395,2102
396,2031
397,2103
398,2107
399,2108
400,2108
401,2105
402,2107
403,2110
404,2106
405,2113
406,2108
407,2104
408,2108
409,2110
410,2107
411,2109
412,2107
413,2110
414,2114
415,2109
416,2106
417,2109
418,2109
419,2106
420,2108
421,2109
422,2108
423,2111
424,2109
425,2111
426,2108
427,2106
428,2108
429,2108
430,2099
431,2108
432,2109
433,2108
434,2108
435,2108
436,2108
437,2109
438,2105
439,2109
440,2108
441,2114
442,2109
443,2112
444,2102
445,2125
446,2104
447,2111
448,2114
449,2130
450,2107
451,2105
452,2108
453,2105
454,2107
455,2108
456,2110
457,2105
458,2111
459,2107
460,2108
461,2107
462,2110
463,2108
464,2110
465,2105
466,2108
467,2106
468,2101
469,2106
470,2105
471,2106
472,2108
473,2107
474,2109
475,2109
476,2110
477,2110
478,2109
479,2110
480,2107
481,2107
482,2107
483,2096
484,2106
485,2108
486,2110
487,2106
488,2111
489,2110
490,2104
491,2119
492,2109
493,2145
494,2109
495,2110
496,2109
497,2100
498,2108
499,2110
500,2106
501,2110
502,2098
503,2103
504,2112
505,2108
506,2105
507,2106
508,2110
509,2103
510,2107
511,2104
512,2109
513,2107
514,2108
515,2110
516,2106
517,2107
518,2105
519,2114
520,2106
521,2105
522,2110
523,2105
524,2109
525,2109
526,2109
527,2111
528,2109
529,2104
530,2111
531,2102
532,2110
533,2104
534,2112
535,2108
536,2102
537,2105
538,2108
539,2104
540,2105
541,2110
542,2109
543,2107
544,2108
545,2109
546,2128
547,2108
548,2105
549,2112
550,2117
551,2108
552,2110
553,2107
554,2108
555,2101
556,2107
557,2105
558,2108
559,2108
560,2109
561,2111
562,2108
563,2110
564,2114
565,2110
566,2108
567,2110
568,2106
569,2108
570,2103
571,2108
572,2112
573,2106
574,2102
575,2111
576,2108
577,2107
578,2108
579,2116
580,2107
581,2107
582,2108
583,2119
584,2104
585,2118
586,2103
587,2105
588,2100
589,2104
590,2108
591,2109
592,2108
593,2112
594,2111
595,2108
596,2109
597,2108
598,2108
599,2100
600,2107
601,2117
602,2110
603,2111
604,2104
605,2106
606,2104
607,2106
608,2098
609,2109
610,2104
611,2105
612,2103
613,2106
614,2106
615,2108
616,2112
617,2108
618,2111
619,2108
620,2107
621,2108
622,2106
623,2104
624,2124
625,2105
626,2107
627,2105
628,2108
629,2106
630,2108
631,2108
632,2110
633,2109
634,2112
635,2112
636,2112
637,2106
638,2109
639,2116
640,2111
641,2104
642,2108
643,2112
644,2109
645,2110
646,2108
647,2109
648,2110
649,2109
650,2112
651,2110
652,2109
653,2098
654,2110
655,2110
656,2106
657,2108
658,2108
659,2108
660,2109
661,2115
662,2109
663,2107
664,2103
665,2117
666,2107
667,2108
668,2108
669,2112
670,2111
671,2111
672,2108
673,2106
674,2111
675,2107
676,2107
677,2111
678,2114
679,2107
680,2108
681,2108
682,2106
683,2106
684,2110
685,2106
686,2109
687,2111
688,2109
689,2115
690,2110
691,2115
692,2108
693,2110
694,2108
695,2110
696,2137
697,2108
698,2108
699,2107
700,2108
701,2107
702,2108
703,2109
704,2110
705,2114
706,2111
707,2106
708,2109
709,2105
710,2109
711,2107
712,2109
713,2110
714,2108
715,2108
716,2108
717,2108
718,2106
719,2110
720,2108
721,2112
722,2108
723,2107
724,2107
725,2109
726,2104
727,2107
728,2116
729,2106
730,2082
731,2103
732,2107
733,2107
734,2110
735,2108
736,2106
737,2109
738,2109
739,2109
740,2108
741,2111
742,2112
743,2119
744,2107
745,2108
746,2111
747,2106
748,2106
749,2115
750,2106
751,2108
752,2109
753,2109
754,2108
755,2109
756,2111
757,2108
758,2113
759,2111
760,2108
761,2109
762,2111
763,2107
764,2110
765,2108
766,2107
767,2110
768,2111
769,2103
770,2106
771,2107
772,2108
773,2103
774,2107
775,2108
776,2108
777,2108
778,2109
779,2113
780,2116
781,2106
782,2105
783,2118
784,2105
785,2107
786,2106
787,2107
788,2109
789,2109
790,2104
791,2110
792,2110
793,2113
794,2118
795,2104
796,2110
797,2107
798,2109
799,2108
800,2105
801,2105
802,2106
803,2103
804,2105
805,2105
806,2104
807,2112
808,2108
809,2108
810,2109
811,2105
812,2111
813,2112
814,2105
815,2107
816,2116
817,2108
818,2107
819,2096
820,2111
821,2105
822,2110
823,2106
824,2103
825,2112
826,2108
827,2108
828,2110
829,2107
830,2108
831,2109
832,2110
833,2108
834,2111
835,2109
836,2105
837,2102
838,2105
839,2106
840,2106
841,2106
842,2111
843,2110
844,2105
845,2120
846,2117
847,2105
848,2107
849,2110
850,2108
851,2111
852,2107
853,2105
854,2107
855,2109
856,2107
857,2108
858,2110
859,2114
860,2104
861,2110
862,2105
863,2111
864,2104
865,2109
866,2110
867,2112
868,2110
869,2108
870,2106
871,2103
872,2104
873,2110
874,2104
875,2107
876,2100
877,2105
878,2105
879,2108
880,2110
881,2108
882,2101
883,2108
884,2109
885,2108
886,2108
887,2108
888,2109
889,2110
890,2106
891,2108
892,2104
893,2108
894,2106
895,2110
896,2118
897,2109
898,2109
899,2102
900,2107
901,2108
902,2108
903,2110
904,2106
905,2107
906,2109
907,2105
908,2103
909,2116
910,2104
911,2105
912,2106
913,2108
914,2104
915,2111
916,2106
917,2110
918,2111
919,2104
920,2110
921,2108
922,2105
923,2105
924,2117
925,2104
926,2108
927,2105
928,2106
929,2097
930,2105
931,2108
932,2111
933,2114
934,2108
935,2106
936,2110
937,2108
938,2109
939,2108
940,2108
941,2105
942,2108
943,2166
944,2105
945,2108
946,2110
947,2105
948,2105
949,2110
950,2106
951,2108
952,2102
953,2106
954,2107
955,2106
956,2108
957,2107
958,2110
959,2105
960,2101
961,2116
962,2108
963,2108
964,2105
965,2106
966,2110
967,2106
968,2107
969,2108
970,2108
971,2110
972,2111
973,2134
974,2105
975,2108
976,2105
977,2101
978,2103
979,2103
980,2105
981,2111
982,2103
983,2108
984,2107
985,2110
986,2110
987,2109
988,2108
989,2109
990,2108
991,2107
992,2110
993,2110
994,2107
995,2103
996,2044
997,2108
998,2105
999,2108
1000,2107
1001,2109
1002,2109
1003,2110
1004,2110
1005,2117
1006,2108
1007,2106
1008,2110
1009,2110
1010,2104
1011,2104
1012,2108
1013,2106
1014,2110
1015,2108
1016,2108
1017,2106
1018,2106
1019,2108
1020,2110
1021,2108
1022,2110
1023,2111
1024,2108
1025,2106
1026,2107
1027,2112
1028,2109
1029,2111
1030,2105
1031,2108
1032,2107
1033,2106
1034,2108
1035,2110
1036,2108
1037,2084
1038,2111
1039,2112
1040,2110
1041,2110
1042,2111
1043,2110
1044,2109
1045,2105
1046,2108
1047,2110
1048,2107
1049,2124
1050,2111
1051,2106
1052,2107
1053,2108
1054,2104
1055,2109
1056,2108
1057,2104
1058,2114
1059,2107
1060,2108
1061,2097
1062,2110
1063,2108
1064,2109
1065,2110
1066,2108
1067,2112
1068,2104
1069,2111
1070,2105
1071,2106
1072,2113
1073,2106
1074,2104
1075,2107
1076,2109
1077,2101
1078,2106
1079,2109
1080,2112
1081,2103
1082,2108
1083,2118
1084,2102
1085,2108
1086,2106
1087,2106
1088,2107
1089,2106
1090,2106
1091,2110
1092,2102
1093,2094
1094,2109
1095,2103
1096,2108
1097,2106
1098,2108
1099,2104
1100,2109
1101,2110
1102,2167
1103,2107
1104,2108
1105,2109
1106,2106
1107,2108
1108,2108
1109,2109
1110,2109
1111,2107
1112,2111
1113,2109
1114,2108
1115,2105
1116,2108
1117,2109
1118,2110
1119,2114
1120,2103
1121,2107
1122,2108
1123,2108
1124,2106
1125,2110
1126,2110
1127,2107
1128,2109
1129,2097
1130,2111
1131,2103
1132,2108
1133,2109
1134,2112
1135,2105
1136,2106
1137,2105
1138,2100
1139,2106
1140,2108
1141,2105
1142,2108
1143,2110
1144,2108
1145,2106
1146,2107
1147,2106
1148,2108
1149,2106
1150,2109
1151,2104
1152,2111
1153,2107
1154,2114
1155,2108
1156,2105
1157,2104
1158,2108
1159,2107
1160,2106
1161,2106
1162,2109
1163,2111
1164,2106
1165,2109
1166,2108
1167,2110
1168,2111
1169,2108
1170,2107
1171,2105
1172,2112
1173,2110
1174,2108
1175,2109
1176,2108
1177,2106
1178,2108
1179,2110
1180,2110
1181,2108
1182,2109
1183,2100
1184,2110
1185,2106
1186,2104
1187,2108
1188,2109
1189,2105
1190,2117
1191,2104
1192,2108
1193,2110
1194,2108
1195,2119
1196,2110
1197,2105
1198,2108
1199,2100
1200,2111
1201,2108
1202,2108
1203,2108
1204,2111
1205,2108
1206,2112
1207,2108
1208,2102
1209,2108
1210,2105
1211,2110
1212,2107
1213,2110
1214,2106
1215,2108
1216,2110
1217,2110
1218,2106
1219,2105
1220,2106
1221,2118
1222,2106
1223,2115
1224,2097
1225,2106
1226,2110
1227,2108
1228,2102
1229,2107
1230,2110
1231,2109
1232,2108
1233,2109
1234,2106
1235,2110
1236,2110
1237,2108
1238,2108
1239,2105
1240,2113
1241,2108
1242,2108
1243,2162
1244,2104
1245,2110
1246,2106
1247,2106
1248,2113
1249,2109
1250,2106
1251,2108
1252,2102
1253,2108
1254,2107
1255,2107
1256,2108
1257,2108
1258,2112
1259,2104
1260,2115
1261,2110
1262,2108
1263,2110
1264,2102
1265,2105
1266,2106
1267,2107
1268,2109
1269,2110
1270,2107
1271,2108
1272,2111
1273,2131
1274,2106
1275,2110
1276,2106
1277,2101
1278,2104
1279,2104
1280,2110
1281,2108
1282,2105
1283,2108
1284,2105
1285,2106
1286,2115
1287,2108
1288,2109
1289,2108
1290,2110
1291,2110
1292,2106
1293,2110
1294,2104
1295,2109
1296,2115
1297,2110
1298,2101
1299,2106
1300,2104
1301,2108
1302,2108
1303,2109
1304,2109
1305,2113
1306,2108
1307,2105
1308,2108
1309,2112
1310,2105
1311,2105
1312,2107
1313,2109
1314,2110
1315,2107
1316,2109
1317,2105
1318,2106
1319,2105
1320,2111
1321,2111
1322,2108
1323,2109
1324,2110
1325,2108
1326,2107
1327,2108
1328,2114
1329,2107
1330,2118
1331,2103
1332,2108
1333,2110
1334,2108
1335,2108
1336,2109
1337,2110
1338,2104
1339,2109
1340,2063
1341,2109
1342,2108
1343,2110
1344,2103
1345,2109
1346,2106
1347,2114
1348,2103
1349,2108
1350,2104
1351,2105
1352,2105
1353,2108
1354,2106
1355,2110
1356,2108
1357,2109
1358,2112
1359,2109
1360,2108
1361,2109
1362,2109
1363,2110
1364,2111
1365,2108
1366,2104
1367,2106
1368,2104
1369,2107
1370,2109
1371,2108
1372,2107
1373,2109
1374,2109
1375,2108
1376,2112
1377,2109
1378,2108
1379,2107
1380,2107
1381,2110
1382,2109
1383,2116
1384,2108
1385,2105
1386,2108
1387,2108
1388,2107
1389,2108
1390,2098
1391,2108
1392,2112
1393,2102
1394,2107
1395,2108
1396,2109
1397,2108
1398,2112
1399,2106
1400,2109
1401,2110
1402,2065
1403,2118
1404,2108
1405,2105
1406,2108
1407,2110
1408,2105
1409,2108
1410,2108
1411,2104
1412,2109
1413,2114
1414,2109
1415,2108
1416,2094
1417,2107
1418,2108
1419,2115
1420,2103
1421,2106
1422,2105
1423,2108
1424,2107
1425,2103
1426,2107
1427,2105
1428,2106
1429,2128
1430,2109
1431,2107
1432,2106
1433,2114
1434,2113
1435,2105
1436,2106
1437,2110
1438,2107
1439,2107
1440,2108
1441,2110
1442,2088
1443,2107
1444,2108
1445,2108
1446,2106
1447,2108
1448,2109
1449,2111
1450,2110
1451,2105
1452,2105
1453,2106
1454,2108
1455,2092
1456,2112
1457,2109
1458,2106
1459,2108
1460,2108
1461,2107
1462,2107
1463,2108
1464,2109
1465,2108
1466,2108
1467,2111
1468,2108
1469,2110
1470,2109
1471,2107
1472,2112
1473,2108
1474,2107
1475,2107
1476,2108
1477,2107
1478,2107
1479,2111
1480,2104
1481,2106
1482,2112
1483,2110
1484,2107
1485,2107
1486,2108
1487,2108
1488,2112
1489,2103
1490,2138
1491,2105
1492,2105
1493,2106
1494,2107
1495,2107
1496,2109
1497,2111
1498,2112
1499,2103
1500,2108
1501,2108
1502,2109
1503,2111
1504,2109
1505,2104
1506,2113
1507,2105
1508,2113
1509,2109
1510,2107
1511,2104
1512,2111
1513,2105
1514,2108
1515,2106
1516,2109
1517,2109
1518,2109
1519,2110
1520,2108
1521,2109
1522,2107
1523,2108
1524,2089
1525,2107
1526,2110
1527,2108
1528,2108
1529,2108
1530,2108
1531,2106
1532,2121
1533,2110
1534,2108
1535,2107
1536,2115
1537,2110
1538,2109
1539,2108
1540,2112
1541,2104
1542,2108
1543,2077
1544,2105
1545,2110
1546,2109
1547,2112
1548,2105
1549,2106
1550,2112
1551,2108
1552,2114
1553,2115
1554,2108
1555,2108
1556,2108
1557,2107
1558,2104
1559,2104
1560,2111
1561,2101
1562,2108
1563,2107
1564,2105
1565,2107
1566,2110
1567,2106
1568,2109
1569,2104
1570,2110
1571,2105
1572,2103
1573,2108
1574,2107
1575,2108
1576,2105
1577,2108
1578,2103
1579,2108
1580,2110
1581,2108
1582,2105
1583,2105
1584,2110
1585,2105
1586,2109
1587,2109
1588,2111
1589,2105
1590,2111
1591,2107
1592,2107
1593,2107
1594,2108
1595,2103
1596,2095
1597,2107
1598,2106
1599,2105
1600,2112
1601,2110
1602,2108
1603,2107
1604,2108
1605,2110
1606,2108
1607,2112
1608,2111
1609,2108
1610,2108
1611,2108
1612,2105
1613,2102
1614,2097
1615,2107
1616,2106
1617,2107
1618,2108
1619,2107
1620,2108
1621,2105
1622,2110
1623,2109
1624,2108
1625,2109
1626,2106
1627,2110
1628,2114
1629,2102
1630,2134
1631,2106
1632,2103
1633,2107
1634,2109
1635,2108
1636,2108
1637,2108
1638,2108
1639,2110
1640,2078
1641,2108
1642,2110
1643,2107
1644,2107
1645,2110
1646,2109
1647,2106
1648,2103
1649,2062
1650,2105
1651,2105
1652,2105
1653,2107
1654,2107
1655,2107
1656,2105
1657,2108
1658,2108
1659,2104
1660,2108
1661,2108
1662,2110
1663,2106
1664,2111
1665,2109
1666,2112
1667,2110
1668,2108
1669,2105
1670,2110
1671,2108
1672,2104
1673,2106
1674,2106
1675,2106
1676,2109
1677,2110
1678,2108
1679,2107
1680,2108
1681,2110
1682,2110
1683,2106
1684,2112
1685,2107
1686,2107
1687,2105
1688,2107
1689,2106
1690,2109
1691,2108
1692,2109
1693,2107
1694,2111
1695,2115
1696,2110
1697,2110
1698,2107
1699,2105
1700,2108
1701,2110
1702,2088
1703,2105
1704,2108
1705,2106
1706,2108
1707,2108
1708,2105
1709,2108
1710,2109
1711,2110
1712,2107
1713,2109
1714,2108
1715,2108
1716,2107
1717,2110
1718,2107
1719,2118
1720,2109
1721,2110
1722,2116
1723,2110
1724,2109
1725,2109
1726,2110
1727,2110
1728,2107
1729,2108
1730,2110
1731,2111
1732,2106
1733,2110
1734,2109
1735,2104
1736,2104
1737,2114
1738,2106
1739,2107
1740,2107
1741,2108
1742,2107
1743,2109
1744,2108
1745,2108
1746,2098
1747,2106
1748,2110
1749,2110
1750,2107
1751,2107
1752,2105
1753,2107
1754,2101
1755,2114
1756,2106
1757,2108
1758,2108
1759,2116
1760,2110
1761,2105
1762,2113
1763,2110
1764,2110
1765,2107
1766,2109
1767,2108
1768,2111
1769,2108
1770,2108
1771,2108
1772,2108
1773,2108
1774,2105
1775,2108
1776,2107
1777,2105
1778,2108
1779,2109
1780,2110
1781,2109
1782,2108
1783,2109
1784,2110
1785,2108
1786,2107
1787,2108
1788,2112
1789,2102
1790,2046
1791,2104
1792,2101
1793,2109
1794,2109
1795,2108
1796,2110
1797,2108
1798,2109
1799,2114
1800,2112
1801,2113
1802,2108
1803,2105
1804,2107
1805,2109
1806,2111
1807,2110
1808,2103
1809,2107
1810,2107
1811,2107
1812,2110
1813,2107
1814,2109
1815,2110
1816,2106
1817,2105
1818,2111
1819,2108
1820,2109
1821,2109
1822,2108
1823,2110
1824,2070
1825,2104
1826,2108
1827,2108
1828,2108
1829,2100
1830,2111
1831,2108
1832,2110
1833,2109
1834,2106
1835,2112
1836,2108
1837,2108
1838,2110
1839,2105
1840,2110
1841,2106
1842,2102
1843,2092
1844,2105
1845,2104
1846,2106
1847,2102
1848,2106
1849,2106
1850,2108
1851,2110
1852,2116
1853,2108
1854,2107
1855,2100
1856,2107
1857,2114
1858,2107
1859,2109
1860,2116
1861,2108
1862,2109
1863,2109
1864,2107
1865,2108
1866,2110
1867,2098
1868,2109
1869,2110
1870,2108
1871,2111
1872,2107
1873,2109
1874,2108
1875,2110
1876,2106
1877,2113
1878,2104
1879,2098
1880,2108
1881,2106
1882,2106
1883,2105
1884,2109
1885,2104
1886,2110
1887,2109
1888,2105
1889,2112
1890,2113
1891,2110
1892,2106
1893,2102
1894,2102
1895,2110
1896,2131
1897,2109
1898,2104
1899,2103
1900,2108
1901,2110
1902,2106
1903,2108
1904,2116
1905,2108
1906,2107
1907,2109
1908,2108
1909,2108
1910,2107
1911,2109
1912,2108
1913,2107
1914,2109
1915,2108
1916,2108
1917,2110
1918,2097
1919,2107
1920,2108
1921,2108
1922,2109
1923,2110
1924,2109
1925,2110
1926,2111
1927,2107
1928,2108
1929,2110
1930,2137
1931,2113
1932,2104
1933,2106
1934,2109
1935,2110
1936,2107
1937,2108
1938,2108
1939,2108
1940,2081
1941,2111
1942,2109
1943,2109
1944,2114
1945,2104
1946,2111
1947,2112
1948,2117
1949,2130
1950,2107
1951,2107
1952,2109
1953,2108
1954,2108
1955,2106
1956,2108
1957,2108
1958,2109
1959,2111
1960,2107
1961,2104
1962,2109
1963,2112
1964,2113
1965,2109
1966,2111
1967,2099
1968,2107
1969,2104
1970,2105
1971,2108
1972,2108
1973,2106
1974,2111
1975,2108
1976,2108
1977,2110
1978,2106
1979,2103
1980,2108
1981,2103
1982,2110
1983,2103
1984,2098
1985,2106
1986,2110
1987,2104
1988,2103
1989,2108
1990,2108
1991,2110
1992,2108
1993,2102
1994,2111
1995,2109
1996,2106
1997,2102
1998,2105
1999,2108
2000,2105
2001,2110
2002,2103
2003,2103
2004,2104
2005,2107
2006,2106
2007,2106
2008,2106
2009,2109
2010,2111
2011,2111
2012,2108
2013,2110
2014,2108
2015,2108
2016,2104
2017,2108
2018,2108
2019,2108
2020,2104
2021,2110
2022,2105
2023,2106
2024,2108
2025,2108
2026,2108
2027,2105
2028,2110
2029,2110
2030,2108
2031,2109
2032,2108
2033,2108
2034,2108
2035,2105
2036,2103
2037,2105
2038,2111
2039,2109
2040,2104
2041,2105
2042,2109
2043,2109
2044,2108
2045,2106
2046,2094
2047,2109
2048,2110
2049,2110
2050,2104
2051,2107
2052,2106
2053,2109
2054,2106
2055,2110
2056,2107
2057,2108
2058,2106
2059,2110
2060,2109
2061,2105
2062,2110
2063,2108
2064,2113
2065,2110
2066,2109
2067,2108
2068,2107
2069,2106
2070,2106
2071,2108
2072,2108
2073,2109
2074,2112
2075,2108
2076,2110
2077,2104
2078,2108
2079,2108
2080,2109
2081,2108
2082,2110
2083,2104
2084,2105
2085,2109
2086,2110
2087,2110
2088,2108
2089,2105
2090,2061
2091,2108
2092,2106
2093,2108
2094,2110
2095,2108
2096,2108
2097,2110
2098,2098
2099,2116
2100,2109
2101,2109
2102,2110
2103,2110
2104,2107
2105,2108
2106,2109
2107,2102
2108,2105
2109,2108
2110,2103
2111,2106
2112,2104
2113,2108
2114,2109
2115,2111
2116,2107
2117,2109
2118,2110
2119,2108
2120,2110
2121,2107
2122,2105
2123,2107
2124,2108
2125,2104
2126,2108
2127,2108
2128,2106
2129,2106
2130,2108
2131,2110
2132,2108
2133,2113
2134,2111
2135,2103
2136,2107
2137,2110
2138,2109
2139,2108
2140,2108
2141,2108
2142,2107
2143,2113
2144,2112
2145,2108
2146,2108
2147,2108
2148,2108
2149,2113
2150,2124
2151,2108
2152,2114
2153,2108
2154,2109
2155,2111
2156,2110
2157,2106
2158,2104
2159,2104
2160,2116
2161,2097
2162,2109
2163,2110
2164,2108
2165,2107
2166,2109
2167,2104
2168,2108
2169,2109
2170,2109
2171,2110
2172,2105
2173,2109
2174,2108
2175,2109
2176,2105
2177,2098
2178,2117
2179,2106
2180,2107
2181,2108
2182,2107
2183,2107
2184,2108
2185,2099
2186,2105
2187,2112
2188,2108
2189,2114
2190,2110
2191,2108
2192,2109
2193,2105
2194,2104
2195,2111
2196,2137
2197,2106
2198,2107
2199,2107
2200,2106
2201,2105
2202,2105
2203,2107
2204,2110
2205,2104
2206,2111
2207,2110
2208,2107
2209,2107
2210,2107
2211,2102
2212,2101
2213,2106
2214,2106
2215,2107
2216,2111
2217,2105
2218,2100
2219,2108
2220,2107
2221,2108
2222,2109
2223,2107
2224,2108
2225,2109
2226,2111
2227,2110
2228,2111
2229,2108
2230,2080
2231,2103
2232,2106
2233,2108
2234,2104
2235,2108
2236,2105
2237,2107
2238,2108
2239,2108
2240,2162
2241,2106
2242,2110
2243,2109
2244,2108
2245,2114
2246,2108
2247,2101
2248,2101
2249,2046
2250,2108
2251,2107
2252,2108
2253,2108
2254,2110
2255,2104
2256,2108
2257,2108
2258,2108
2259,2118
2260,2107
2261,2107
2262,2107
2263,2107
2264,2106
2265,2107
2266,2109
2267,2111
2268,2112
2269,2128
2270,2108
2271,2106
2272,2105
2273,2107
2274,2106
2275,2111
2276,2108
2277,2107
2278,2108
2279,2116
2280,2108
2281,2103
2282,2105
2283,2095
2284,2110
2285,2109
2286,2106
2287,2104
2288,2110
2289,2110
2290,2101
2291,2101
2292,2112
2293,2104
2294,2105
2295,2112
2296,2111
2297,2107
2298,2101
2299,2107
2300,2105
2301,2110
2302,2096
2303,2104
2304,2107
2305,2108
2306,2106
2307,2107
2308,2107
2309,2104
2310,2103
2311,2109
2312,2110
2313,2110
2314,2108
2315,2108
2316,2110
2317,2105
2318,2110
2319,2101
2320,2101
2321,2106
2322,2106
2323,2108
2324,2103
2325,2104
2326,2110
2327,2109
2328,2107
2329,2110
2330,2108
2331,2108
2332,2101
2333,2107
2334,2106
2335,2107
2336,2108
2337,2107
2338,2104
2339,2108
2340,2106
2341,2105
2342,2113
2343,2108
2344,2110
2345,2109
2346,2095
2347,2108
2348,2107
2349,2112
2350,2105
2351,2108
2352,2112
2353,2110
2354,2101
2355,2116
2356,2105
2357,2106
2358,2108
2359,2108
2360,2109
2361,2108
2362,2108
2363,2103
2364,2110
2365,2108
2366,2110
2367,2108
2368,2108
2369,2108
2370,2111
2371,2109
2372,2105
2373,2109
2374,2098
2375,2107
2376,2112
2377,2105
2378,2112
2379,2112
2380,2105
2381,2106
2382,2116
2383,2108
2384,2104
2385,2109
2386,2110
2387,2109
2388,2104
2389,2106
2390,2147
2391,2106
2392,2113
2393,2104
2394,2109
2395,2107
2396,2108
2397,2101
2398,2110
2399,2121
2400,2109
2401,2109
2402,2115
2403,2104
2404,2105
2405,2108
2406,2107
2407,2109
2408,2111
2409,2109
2410,2106
2411,2108
2412,2114
2413,2108
2414,2104
2415,2103
2416,2110
2417,2107
2418,2106
2419,2108
2420,2110
2421,2111
2422,2110
2423,2101
2424,2105
2425,2106
2426,2104
2427,2104
2428,2106
2429,2109
2430,2108
2431,2106
2432,2105
2433,2103
2434,2110
2435,2110
2436,2110
2437,2100
2438,2106
2439,2112
2440,2101
2441,2107
2442,2103
2443,2063
2444,2102
2445,2105
2446,2107
2447,2108
2448,2105
2449,2107
2450,2109
2451,2111
2452,2113
2453,2108
2454,2106
2455,2110
2456,2107
2457,2105
2458,2106
2459,2106
2460,2114
2461,2107
2462,2105
2463,2104
2464,2105
2465,2110
2466,2108
2467,2105
2468,2110
2469,2111
2470,2104
2471,2110
2472,2113
2473,2110
2474,2106
2475,2103
2476,2107
2477,2119
2478,2105
2479,2105
2480,2104
2481,2105
2482,2112
2483,2103
2484,2108
2485,2112
2486,2107
2487,2104
2488,2105
2489,2109
2490,2108
2491,2108
2492,2111
2493,2103
2494,2108
2495,2112
2496,2101
2497,2104
2498,2109
2499,2113
2500,2103
2501,2106
2502,2108
2503,2112
2504,2105
2505,2102
2506,2108
2507,2113
2508,2105
2509,2104
2510,2108
2511,2107
2512,2109
2513,2105
2514,2115
2515,2109
2516,2110
2517,2104
2518,2102
2519,2112
2520,2108
2521,2108
2522,2104
2523,2107
2524,2105
2525,2111
2526,2110
2527,2101
2528,2109
2529,2108
2530,2091
2531,2099
2532,2106
2533,2111
2534,2109
2535,2104
2536,2110
2537,2108
2538,2109
2539,2108
2540,2072
2541,2108
2542,2114
2543,2105
2544,2108
2545,2109
2546,2106
2547,2111
2548,2103
2549,2049
2550,2103
2551,2109
2552,2101
2553,2112
2554,2107
2555,2108
2556,2111
2557,2104
2558,2104
2559,2112
2560,2106
2561,2111
2562,2108
2563,2110
2564,2103
2565,2104
2566,2109
2567,2098
2568,2112
2569,2103
2570,2106
2571,2104
2572,2105
2573,2108
2574,2111
2575,2110
2576,2110
2577,2106
2578,2110
2579,2117
2580,2108
2581,2103
2582,2106
2583,2094
2584,2107
2585,2110
2586,2108
2587,2104
2588,2109
2589,2110
2590,2108
2591,2138
2592,2114
2593,2105
2594,2102
2595,2114
2596,2110
2597,2108
2598,2107
2599,2105
2600,2108
2601,2106
2602,2074
2603,2104
2604,2108
2605,2107
2606,2109
2607,2108
2608,2110
2609,2108
2610,2102
2611,2113
2612,2108
2613,2106
2614,2106
2615,2106
2616,2108
2617,2107
2618,2108
2619,2118
2620,2104
2621,2108
2622,2106
2623,2106
2624,2105
2625,2110
2626,2108
2627,2108
2628,2109
2629,2104
2630,2108
2631,2110
2632,2109
2633,2107
2634,2087
2635,2103
2636,2106
2637,2104
2638,2106
2639,2104
2640,2106
2641,2106
2642,2108
2643,2105
2644,2106
2645,2110
2646,2108
2647,2112
2648,2112
2649,2110
2650,2105
2651,2104
2652,2110
2653,2107
2654,2110
2655,2115
2656,2104
2657,2106
2658,2108
2659,2110
2660,2104
2661,2111
2662,2107
2663,2108
2664,2113
2665,2111
2666,2107
2667,2108
2668,2108
2669,2104
2670,2106
2671,2110
2672,2103
2673,2108
2674,2110
2675,2107
2676,2112
2677,2106
2678,2111
2679,2112
2680,2108
2681,2107
2682,2111
2683,2107
2684,2109
2685,2115
2686,2109
2687,2111
2688,2112
2689,2104
2690,2129
2691,2106
2692,2108
2693,2108
2694,2111
2695,2108
2696,2108
2697,2117
2698,2109
2699,2114
2700,2108
2701,2112
2702,2111
2703,2107
2704,2106
2705,2108
2706,2107
2707,2110
2708,2112
2709,2108
2710,2102
2711,2106
2712,2108
2713,2108
2714,2107
2715,2114
2716,2111
2717,2108
2718,2108
2719,2110
2720,2106
2721,2110
2722,2110
2723,2103
2724,2109
2725,2109
2726,2104
2727,2110
2728,2108
2729,2107
2730,2107
2731,2102
2732,2110
2733,2107
2734,2107
2735,2106
2736,2111
2737,2104
2738,2108
2739,2111
2740,2107
2741,2106
2742,2107
2743,2176
2744,2105
2745,2108
2746,2105
2747,2114
2748,2110
2749,2111
2750,2108
2751,2108
2752,2113
2753,2105
2754,2108
2755,2109
2756,2110
2757,2107
2758,2115
2759,2108
2760,2105
2761,2101
2762,2114
2763,2108
2764,2110
2765,2113
2766,2111
2767,2107
2768,2102
2769,2110
2770,2104
2771,2109
2772,2107
2773,2108
2774,2111
2775,2106
2776,2107
2777,2108
2778,2106
2779,2105
2780,2106
2781,2109
2782,2110
2783,2108
2784,2111
2785,2111
2786,2109
2787,2107
2788,2110
2789,2108
2790,2111
2791,2106
2792,2110
2793,2111
2794,2106
2795,2106
2796,2109
2797,2103
2798,2108
2799,2105
2800,2106
2801,2110
2802,2108
2803,2107
2804,2108
2805,2104
2806,2107
2807,2108
2808,2108
2809,2106
2810,2108
2811,2110
2812,2104
2813,2102
2814,2108
2815,2105
2816,2105
2817,2108
2818,2107
2819,2106
2820,2110
2821,2106
2822,2104
2823,2108
2824,2108
2825,2111
2826,2108
2827,2109
2828,2106
2829,2110
2830,2092
2831,2108
2832,2108
2833,2108
2834,2109
2835,2105
2836,2110
2837,2110
2838,2105
2839,2108
2840,2081
2841,2108
2842,2110
2843,2105
2844,2105
2845,2108
2846,2104
2847,2110
2848,2105
2849,2076
2850,2108
2851,2105
2852,2107
2853,2110
2854,2106
2855,2110
2856,2107
2857,2106
2858,2110
2859,2113
2860,2116
2861,2110
2862,2113
2863,2107
2864,2106
2865,2108
2866,2103
2867,2102
2868,2108
2869,2112
2870,2104
2871,2108
2872,2107
2873,2107
2874,2108
2875,2110
2876,2109
2877,2109
2878,2109
2879,2108
2880,2109
2881,2109
2882,2110
2883,2098
2884,2118
2885,2108
2886,2108
2887,2101
2888,2104
2889,2111
2890,2110
2891,2108
2892,2108
2893,2107
2894,2111
2895,2109
2896,2110
2897,2108
2898,2114
2899,2109
2900,2112
2901,2108
2902,2088
2903,2108
2904,2108
2905,2110
2906,2108
2907,2105
2908,2108
2909,2108
2910,2110
2911,2109
2912,2108
2913,2109
2914,2110
2915,2107
2916,2110
2917,2109
2918,2106
2919,2108
2920,2105
2921,2107
2922,2108
2923,2103
2924,2111
2925,2105
2926,2105
2927,2106
2928,2109
2929,2108
2930,2107
2931,2111
2932,2112
2933,2108
2934,2104
2935,2107
2936,2100
2937,2102
2938,2124
2939,2105
2940,2105
2941,2108
2942,2110
2943,2108
2944,2105
2945,2104
2946,2112
2947,2108
2948,2107
2949,2110
2950,2106
2951,2104
2952,2108
2953,2111
2954,2118
2955,2112
2956,2104
2957,2106
2958,2109
2959,2108
2960,2109
2961,2110
2962,2101
2963,2108
2964,2104
2965,2109
2966,2107
2967,2103
2968,2108
2969,2105
2970,2108
2971,2106
2972,2113
2973,2110
2974,2106
2975,2108
2976,2109
2977,2108
2978,2107
2979,2110
2980,2110
2981,2106
2982,2112
2983,2110
2984,2106
2985,2110
2986,2108
2987,2103
2988,2104
2989,2104
2990,2090
2991,2109
2992,2105
2993,2109
2994,2108
2995,2110
2996,2108
2997,2108
2998,2112
2999,2109
3000,2109
3001,2104
3002,2113
3003,2108
3004,2106
3005,2106
3006,2108
3007,2105
3008,2110
3009,2107
3010,2107
3011,2105
3012,2107
3013,2104
3014,2108
3015,2108
3016,2107
3017,2109
3018,2106
3019,2105
3020,2108
3021,2110
3022,2108
3023,2106
3024,2126
3025,2104
3026,2106
3027,2105
3028,2106
3029,2106
3030,2107
3031,2104
3032,2109
3033,2108
3034,2109
3035,2103
3036,2106
3037,2109
3038,2107
3039,2109
3040,2105
3041,2106
3042,2109
3043,2162
3044,2109
3045,2105
3046,2103
3047,2103
3048,2105
3049,2109
3050,2106
3051,2108
3052,2108
3053,2108
3054,2098
3055,2108
3056,2109
3057,2108
3058,2105
3059,2104
3060,2097
3061,2105
3062,2105
3063,2111
3064,2106
3065,2106
3066,2108
3067,2114
3068,2110
3069,2107
3070,2108
3071,2108
3072,2109
3073,2109
3074,2110
3075,2110
3076,2102
3077,2115
3078,2105
3079,2105
3080,2104
3081,2109
3082,2106
3083,2107
3084,2106
3085,2108
3086,2108
3087,2111
3088,2109
3089,2110
3090,2109
3091,2107
3092,2110
3093,2109
3094,2106
3095,2110
3096,2091
3097,2107
3098,2108
3099,2108
3100,2104
3101,2112
3102,2109
3103,2130
3104,2102
3105,2111
3106,2110
3107,2108
3108,2110
3109,2107
3110,2107
3111,2106
3112,2108
3113,2106
3114,2111
3115,2107
3116,2109
3117,2110
3118,2110
3119,2108
3120,2107
3121,2105
3122,2109
3123,2108
3124,2112
3125,2108
3126,2107
3127,2110
3128,2109
3129,2104
3130,2086
3131,2114
3132,2107
3133,2104
3134,2108
3135,2109
3136,2108
3137,2106
3138,2111
3139,2106
3140,2126
3141,2107
3142,2100
3143,2110
3144,2125
3145,2111
3146,2107
3147,2106
3148,2118
3149,2152
3150,2107
3151,2102
3152,2106
3153,2108
3154,2107
3155,2110
3156,2111
3157,2108
3158,2105
3159,2103
3160,2106
3161,2108
3162,2109
3163,2103
3164,2108
3165,2108
3166,2103
3167,2105
3168,2108
3169,2108
3170,2116
3171,2110
3172,2108
3173,2107
3174,2110
3175,2108
3176,2113
3177,2108
3178,2108
3179,2103
3180,2106
3181,2105
3182,2107
3183,2100
3184,2117
3185,2109
3186,2110
3187,2107
3188,2107
3189,2111
3190,2110
3191,2107
3192,2109
3193,2116
3194,2109
3195,2111
3196,2109
3197,2108
3198,2108
3199,2108
3200,2106
3201,2100
3202,2128
3203,2108
3204,2103
3205,2106
3206,2109
3207,2105
3208,2106
3209,2111
3210,2110
3211,2099
3212,2107
3213,2107
3214,2106
3215,2101
3216,2110
3217,2108
3218,2108
3219,2103
3220,2106
3221,2106
3222,2108
3223,2107
3224,2109
3225,2110
3226,2109
3227,2105
3228,2107
3229,2111
3230,2110
3231,2110
3232,2108
3233,2108
3234,2104
3235,2104
3236,2108
3237,2093
3238,2104
3239,2106
3240,2105
3241,2108
3242,2108
3243,2108
3244,2109
3245,2108
3246,2121
3247,2101
3248,2111
3249,2106
3250,2104
3251,2103
3252,2109
3253,2106
3254,2110
3255,2112
3256,2105
3257,2104
3258,2105
3259,2107
3260,2105
3261,2108
3262,2109
3263,2109
3264,2105
3265,2110
3266,2109
3267,2110
3268,2108
3269,2108
3270,2109
3271,2108
3272,2103
3273,2108
3274,2114
3275,2109
3276,2108
3277,2104
3278,2110
3279,2106
3280,2108
3281,2111
3282,2110
3283,2101
3284,2106
3285,2109
3286,2104
3287,2106
3288,2110
3289,2110
3290,2132
3291,2106
3292,2107
3293,2106
3294,2101
3295,2110
3296,2110
3297,2109
3298,2106
3299,2103
3300,2105
3301,2108
3302,2108
3303,2104
3304,2107
3305,2111
3306,2117
3307,2110
3308,2108
3309,2108
3310,2105
3311,2108
3312,2107
3313,2101
3314,2109
3315,2110
3316,2108
3317,2111
3318,2111
3319,2111
3320,2103
3321,2105
3322,2108
3323,2107
3324,2122
3325,2104
3326,2108
3327,2106
3328,2107
3329,2105
3330,2109
3331,2109
3332,2110
3333,2107
3334,2107
3335,2110
3336,2107
3337,2110
3338,2111
3339,2106
3340,2109
3341,2118
3342,2118
3343,2152
3344,2105
3345,2107
3346,2107
3347,2105
3348,2109
3349,2111
3350,2107
3351,2105
3352,2110
3353,2119
3354,2105
3355,2108
3356,2108
3357,2108
3358,2110
3359,2104
3360,2099
3361,2116
3362,2103
3363,2107
3364,2105
3365,2108
3366,2104
3367,2107
3368,2108
3369,2110
3370,2104
3371,2112
3372,2108
3373,2102
3374,2109
3375,2108
3376,2108
3377,2112
3378,2117
3379,2112
3380,2109
3381,2109
3382,2109
3383,2108
3384,2111
3385,2111
3386,2112
3387,2111
3388,2107
3389,2108
3390,2108
3391,2106
3392,2109
3393,2104
3394,2104
3395,2107
3396,2126
3397,2107
3398,2107
3399,2104
3400,2114
3401,2109
3402,2108
3403,2105
3404,2108
3405,2112
3406,2110
3407,2107
3408,2111
3409,2105
3410,2108
3411,2107
3412,2105
3413,2106
3414,2110
3415,2106
3416,2107
3417,2107
3418,2107
3419,2108
3420,2106
3421,2127
3422,2113
3423,2109
3424,2105
3425,2107
3426,2108
3427,2108
3428,2111
3429,2110
3430,2081
3431,2107
3432,2106
3433,2107
3434,2115
3435,2106
3436,2108
3437,2108
3438,2110
3439,2108
3440,2097
3441,2106
3442,2110
3443,2108
3444,2107
3445,2109
3446,2108
3447,2105
3448,2118
3449,2150
3450,2106
3451,2105
3452,2106
3453,2100
3454,2106
3455,2108
3456,2109
3457,2108
3458,2115
3459,2108
3460,2110
3461,2107
3462,2108
3463,2111
3464,2105
3465,2108
3466,2106
3467,2110
3468,2107
3469,2106
3470,2106
3471,2107
3472,2103
3473,2108
3474,2109
3475,2104
3476,2108
3477,2108
3478,2109
3479,2108
3480,2108
3481,2104
3482,2106
3483,2113
3484,2109
3485,2110
3486,2104
3487,2108
3488,2108
3489,2109
3490,2089
3491,2106
3492,2109
3493,2128
3494,2109
3495,2109
3496,2111
3497,2105
3498,2106
3499,2113
3500,2107
3501,2102
3502,2084
3503,2106
3504,2106
3505,2101
3506,2108
3507,2108
3508,2112
3509,2106
3510,2109
3511,2109
3512,2109
3513,2111
3514,2110
3515,2108
3516,2108
3517,2110
3518,2108
3519,2105
3520,2108
3521,2108
3522,2112
3523,2105
3524,2109
3525,2107
3526,2109
3527,2108
3528,2111
3529,2109
3530,2111
3531,2108
3532,2108
3533,2107
3534,2110
3535,2106
3536,2105
3537,2106
3538,2105
3539,2108
3540,2110
3541,2107
3542,2110
3543,2108
3544,2109
3545,2110
3546,2127
3547,2110
3548,2108
3549,2109
3550,2108
3551,2109
3552,2110
3553,2106
3554,2102
3555,2101
3556,2107
3557,2106
3558,2110
3559,2078
3560,2106
3561,2109
3562,2105
3563,2109
3564,2107
3565,2100
3566,2108
3567,2105
3568,2108
3569,2106
3570,2108
3571,2108
3572,2104
3573,2107
3574,2106
3575,2108
3576,2104
3577,2107
3578,2108
3579,2108
3580,2110
3581,2109
3582,2107
3583,2108
3584,2109
3585,2108
3586,2100
3587,2104
3588,2110
3589,2105
3590,2116
3591,2109
3592,2106
3593,2106
3594,2104
3595,2104
3596,2109
3597,2112
3598,2113
3599,2104
3600,2112
3601,2112
3602,2107
3603,2108
3604,2106
3605,2108
3606,2110
3607,2104
3608,2105
3609,2106
3610,2102
3611,2109
3612,2103
3613,2092
3614,2107
3615,2108
3616,2107
3617,2108
3618,2110
3619,2110
3620,2110
3621,2109
3622,2110
3623,2104
3624,2109
3625,2110
3626,2105
3627,2104
3628,2106
3629,2101
3630,2106
3631,2106
3632,2112
3633,2106
3634,2105
3635,2110
3636,2104
3637,2107
3638,2108
3639,2109
3640,2111
3641,2106
3642,2107
3643,2174
3644,2104
3645,2108
3646,2106
3647,2103
3648,2104
3649,2107
3650,2106
3651,2110
3652,2103
3653,2106
3654,2110
3655,2108
3656,2104
3657,2107
3658,2108
3659,2109
3660,2105
3661,2115
3662,2108
3663,2107
3664,2108
3665,2109
3666,2112
3667,2108
3668,2106
3669,2110
3670,2106
3671,2111
3672,2108
3673,2110
3674,2108
3675,2108
3676,2108
3677,2106
3678,2102
3679,2108
3680,2107
3681,2111
3682,2108
3683,2105
3684,2105
3685,2107
3686,2107
3687,2111
3688,2109
3689,2111
3690,2112
3691,2105
3692,2107
3693,2105
3694,2109
3695,2107
3696,2120
3697,2108
3698,2103
3699,2112
3700,2106
3701,2111
3702,2107
3703,2107
3704,2108
3705,2111
3706,2108
3707,2106
3708,2092
3709,2108
3710,2110
3711,2109
3712,2108
3713,2104
3714,2111
3715,2106
3716,2107
3717,2103
3718,2105
3719,2107
3720,2108
3721,2110
3722,2111
3723,2111
3724,2108
3725,2105
3726,2111
3727,2108
3728,2114
3729,2108
3730,2111
3731,2107
3732,2105
3733,2106
3734,2105
3735,2106
3736,2104
3737,2111
3738,2106
3739,2107
3740,2090
3741,2109
3742,2111
3743,2110
3744,2108
3745,2104
3746,2110
3747,2106
3748,2094
3749,2056
3750,2107
3751,2110
3752,2106
3753,2108
3754,2106
3755,2107
3756,2110
3757,2104
3758,2110
3759,2115
3760,2106
3761,2106
3762,2108
3763,2106
3764,2109
3765,2104
3766,2105
3767,2118
3768,2109
3769,2108
3770,2106
3771,2108
3772,2106
3773,2109
3774,2110
3775,2105
3776,2107
3777,2112
3778,2109
3779,2112
3780,2108
3781,2110
3782,2113
3783,2107
3784,2100
3785,2108
3786,2107
3787,2107
3788,2120
3789,2107
3790,2109
3791,2110
3792,2108
3793,2125
3794,2110
3795,2107
3796,2107
3797,2110
3798,2108
3799,2109
3800,2108
3801,2116
3802,2090
3803,2108
3804,2108
3805,2106
3806,2107
3807,2108
3808,2110
3809,2103
3810,2105
3811,2105
3812,2109
3813,2112
3814,2110
3815,2107
3816,2108
3817,2110
3818,2108
3819,2115
3820,2104
3821,2105
3822,2106
3823,2108
3824,2108
3825,2107
3826,2116
3827,2111
3828,2108
3829,2109
3830,2107
3831,2107
3832,2105
3833,2108
3834,2116
3835,2111
3836,2095
3837,2109
3838,2104
3839,2100
3840,2106
3841,2106
3842,2110
3843,2109
3844,2107
3845,2108
3846,2115
3847,2104
3848,2108
3849,2109
3850,2109
3851,2106
3852,2102
3853,2110
3854,2117
3855,2107
3856,2106
3857,2107
3858,2103
3859,2102
3860,2107
3861,2109
3862,2106
3863,2106
3864,2108
3865,2110
3866,2100
3867,2111
3868,2108
3869,2110
3870,2108
3871,2107
3872,2113
3873,2109
3874,2104
3875,2108
3876,2108
3877,2104
3878,2118
3879,2109
3880,2107
3881,2107
3882,2110
3883,2109
3884,2111
3885,2108
3886,2109
3887,2108
3888,2110
3889,2106
3890,2110
3891,2107
3892,2104
3893,2104
3894,2106
3895,2107
3896,2108
3897,2109
3898,2110
3899,2103
3900,2107
3901,2106
3902,2112
3903,2111
3904,2110
3905,2106
3906,2109
3907,2110
3908,2110
3909,2109
3910,2107
3911,2108
3912,2109
3913,2105
3914,2100
3915,2109
3916,2108
3917,2111
3918,2108
3919,2110
3920,2108
3921,2108
3922,2098
3923,2111
3924,2094
3925,2108
3926,2112
3927,2106
3928,2105
3929,2106
3930,2108
3931,2108
3932,2108
3933,2108
3934,2110
3935,2108
3936,2103
3937,2110
3938,2108
3939,2109
3940,2111
3941,2106
3942,2109
3943,2133
3944,2105
3945,2106
3946,2106
3947,2106
3948,2107
3949,2104
3950,2109
3951,2110
3952,2103
3953,2105
3954,2110
3955,2108
3956,2107
3957,2105
3958,2110
3959,2110
3960,2104
3961,2100
3962,2105
3963,2108
3964,2107
3965,2109
3966,2110
3967,2107
3968,2110
3969,2107
3970,2108
3971,2105
3972,2107
3973,2108
3974,2111
3975,2090
3976,2094
3977,2103
3978,2094
3979,2105
3980,2107
3981,2106
3982,2101
3983,2108
3984,2108
3985,2108
3986,2108
3987,2116
3988,2105
3989,2107
3990,2109
3991,2106
3992,2108
3993,2110
3994,2109
3995,2114
3996,2100
3997,2104
3998,2110
3999,2107
4000,2106
4001,2107
4002,2109
4003,2101
4004,2104
4005,2118
4006,2109
4007,2111
4008,2110
4009,2105
4010,2109
4011,2111
4012,2107
4013,2102
4014,2107
4015,2107
4016,2106
4017,2106
4018,2101
4019,2110
4020,2106
4021,2108
4022,2109
4023,2108
4024,2110
4025,2109
4026,2108
4027,2107
4028,2117
4029,2110
4030,2123
4031,2105
4032,2104
4033,2109
4034,2106
4035,2109
4036,2107
4037,2110
4038,2110
4039,2104
4040,2108
4041,2110
4042,2107
4043,2105
4044,2110
4045,2111
4046,2113
4047,2105
4048,2096
4049,2056
4050,2103
4051,2106
4052,2106
4053,2108
4054,2107
4055,2109
4056,2108
4057,2112
4058,2110
4059,2109
4060,2108
4061,2105
4062,2104
4063,2111
4064,2108
4065,2110
4066,2106
4067,2108
4068,2108
4069,2105
4070,2112
4071,2111
4072,2106
4073,2109
4074,2108
4075,2107
4076,2109
4077,2108
4078,2110
4079,2109
4080,2110
4081,2111
4082,2111
4083,2110
4084,2097
4085,2110
4086,2109
4087,2108
4088,2108
4089,2108
4090,2106
4091,2108
4092,2108
4093,2108
4094,2111
4095,2108
4096,2108
4097,2108
4098,2108
4099,2112
4100,2106
4101,2112
4102,2135
4103,2107
4104,2107
4105,2106
4106,2110
4107,2110
4108,2107
4109,2105
4110,2106
4111,2107
4112,2108
4113,2109
4114,2101
4115,2101
4116,2108
4117,2105
4118,2108
4119,2118
4120,2108
4121,2108
4122,2108
4123,2120
4124,2108
4125,2109
4126,2109
4127,2110
4128,2108
4129,2110
4130,2111
4131,2108
4132,2109
4133,2109
4134,2116
4135,2108
4136,2109
4137,2124
4138,2107
4139,2108
4140,2098
4141,2107
4142,2108
4143,2110
4144,2108
4145,2111
4146,2110
4147,2108
4148,2110
4149,2115
4150,2111
4151,2108
4152,2111
4153,2109
4154,2108
4155,2109
4156,2106
4157,2109
4158,2108
4159,2108
4160,2111
4161,2110
4162,2110
4163,2110
4164,2107
4165,2100
4166,2109
4167,2110
4168,2109
4169,2110
4170,2107
4171,2108
4172,2108
4173,2106
4174,2100
4175,2107
4176,2104
4177,2107
4178,2108
4179,2109
4180,2105
4181,2109
4182,2105
4183,2065
4184,2108
4185,2110
4186,2106
4187,2109
4188,2106
4189,2106
4190,2120
4191,2096
4192,2108
4193,2108
4194,2109
4195,2108
4196,2108
4197,2112
4198,2108
4199,2103
4200,2109
4201,2108
4202,2110
4203,2109
4204,2107
4205,2106
4206,2109
4207,2101
4208,2127
4209,2108
4210,2110
4211,2107
4212,2108
4213,2106
4214,2109
4215,2110
4216,2107
4217,2110
4218,2113
4219,2111
4220,2107
4221,2107
4222,2107
4223,2112
4224,2112
4225,2102
4226,2104
4227,2107
4228,2105
4229,2104
4230,2108
4231,2107
4232,2109
4233,2108
4234,2109
4235,2110
4236,2110
4237,2106
4238,2107
4239,2105
4240,2112
4241,2108
4242,2112
4243,2146
4244,2110
4245,2108
4246,2106
4247,2108
4248,2110
4249,2107
4250,2110
4251,2109
4252,2105
4253,2111
4254,2109
4255,2108
4256,2110
4257,2106
4258,2112
4259,2127
4260,2104
4261,2105
4262,2109
4263,2107
4264,2106
4265,2104
4266,2108
4267,2110
4268,2109
4269,2109
4270,2111
4271,2108
4272,2105
4273,2112
4274,2109
4275,2107
4276,2104
4277,2103
4278,2107
4279,2106
4280,2107
4281,2109
4282,2109
4283,2108
4284,2109
4285,2108
4286,2107
4287,2097
4288,2088
4289,2109
4290,2108
4291,2106
4292,2109
4293,2113
4294,2106
4295,2102
4296,2107
4297,2107
4298,2107
4299,2108
4300,2106
4301,2107
4302,2110
4303,2108
4304,2110
4305,2111
4306,2110
4307,2109
4308,2109
4309,2107
4310,2107
4311,2109
4312,2110
4313,2118
4314,2105
4315,2106
4316,2112
4317,2108
4318,2106
4319,2107
4320,2109
4321,2109
4322,2106
4323,2110
4324,2111
4325,2110
4326,2109
4327,2105
4328,2112
4329,2105
4330,2133
4331,2108
4332,2108
4333,2105
4334,2107
4335,2107
4336,2106
4337,2107
4338,2110
4339,2109
4340,2091
4341,2109
4342,2109
4343,2112
4344,2108
4345,2109
4346,2111
4347,2104
4348,2106
4349,2151
4350,2108
4351,2108
4352,2112
4353,2114
4354,2105
4355,2110
4356,2107
4357,2108
4358,2112
4359,2110
4360,2108
4361,2109
4362,2109
4363,2107
4364,2106
4365,2109
4366,2105
4367,2100
4368,2108
4369,2108
4370,2108
4371,2110
4372,2105
4373,2108
4374,2110
4375,2108
4376,2107
4377,2108
4378,2109
4379,2106
4380,2110
4381,2108
4382,2107
4383,2096
4384,2103
4385,2108
4386,2108
4387,2107
4388,2108
4389,2110
4390,2109
4391,2099
4392,2099
4393,2108
4394,2114
4395,2107
4396,2109
4397,2109
4398,2108
4399,2110
4400,2104
4401,2104
4402,2091
4403,2108
4404,2106
4405,2109
4406,2109
4407,2107
4408,2108
4409,2109
4410,2109
4411,2110
4412,2110
4413,2111
4414,2108
4415,2108
4416,2108
4417,2109
4418,2108
4419,2108
4420,2102
4421,2106
4422,2107
4423,2107
4424,2112
4425,2108
4426,2107
4427,2108
4428,2111
4429,2109
4430,2108
4431,2109
4432,2108
4433,2109
4434,2105
4435,2102
4436,2108
4437,2140
4438,2107
4439,2114
4440,2109
4441,2113
4442,2108
4443,2108
4444,2108
4445,2109
4446,2109
4447,2108
4448,2109
4449,2111
4450,2110
4451,2111
4452,2108
4453,2107
4454,2118
4455,2107
4456,2106
4457,2107
4458,2108
4459,2106
4460,2113
4461,2101
4462,2109
4463,2110
4464,2106
4465,2110
4466,2109
4467,2108
4468,2106
4469,2108
4470,2108
4471,2105
4472,2113
4473,2114
4474,2109
4475,2105
4476,2107
4477,2108
4478,2110
4479,2109
4480,2111
4481,2110
4482,2108
4483,2108
4484,2110
4485,2109
4486,2111
4487,2108
4488,2124
4489,2103
4490,2076
4491,2111
4492,2106
4493,2108
4494,2107
4495,2109
4496,2108
4497,2109
4498,2108
4499,2112
4500,2110
4501,2108
4502,2106
4503,2106
4504,2106
4505,2110
4506,2110
4507,2104
4508,2109
4509,2105
4510,2106
4511,2108
4512,2110
4513,2108
4514,2108
4515,2109
4516,2104
4517,2111
4518,2107
4519,2110
4520,2108
4521,2109
4522,2107
4523,2105
4524,2080
4525,2101
4526,2110
4527,2108
4528,2105
4529,2106
4530,2108
4531,2110
4532,2109
4533,2108
4534,2106
4535,2109
4536,2110
4537,2116
4538,2110
4539,2106
4540,2111
4541,2112
4542,2108
4543,2164
4544,2108
4545,2107
4546,2106
4547,2108
4548,2110
4549,2108
4550,2108
4551,2110
4552,2108
4553,2108
4554,2114
4555,2107
4556,2110
4557,2109
4558,2113
4559,2113
4560,2118
4561,2102
4562,2106
4563,2104
4564,2107
4565,2104
4566,2109
4567,2106
4568,2107
4569,2112
4570,2111
4571,2108
4572,2110
4573,2108
4574,2106
4575,2108
4576,2104
4577,2106
4578,2110
4579,2107
4580,2115
4581,2108
4582,2106
4583,2106
4584,2112
4585,2108
4586,2108
4587,2061
4588,2109
4589,2109
4590,2110
4591,2108
4592,2113
4593,2115
4594,2104
4595,2103
4596,2116
4597,2107
4598,2108
4599,2132
4600,2118
4601,2107
4602,2108
4603,2107
4604,2113
4605,2108
4606,2109
4607,2108
4608,2110
4609,2109
4610,2111
4611,2112
4612,2110
4613,2105
4614,2103
4615,2107
4616,2107
4617,2109
4618,2106
4619,2110
4620,2107
4621,2104
4622,2108
4623,2108
4624,2109
4625,2110
4626,2108
4627,2097
4628,2106
4629,2104
4630,2133
4631,2107
4632,2107
4633,2106
4634,2105
4635,2107
4636,2107
4637,2110
4638,2109
4639,2110
4640,2091
4641,2109
4642,2108
4643,2108
4644,2110
4645,2107
4646,2110
4647,2104
4648,2118
4649,2132
4650,2106
4651,2107
4652,2113
4653,2106
4654,2106
4655,2108
4656,2107
4657,2108
4658,2110
4659,2110
4660,2108
4661,2107
4662,2109
4663,2108
4664,2106
4665,2112
4666,2110
4667,2110
4668,2106
4669,2109
4670,2110
4671,2105
4672,2106
4673,2108
4674,2104
4675,2109
4676,2110
4677,2109
4678,2107
4679,2109
4680,2110
4681,2111
4682,2107
4683,2106
4684,2094
4685,2106
4686,2105
4687,2106
4688,2104
4689,2106
4690,2105
4691,2108
4692,2106
4693,2094
4694,2108
4695,2107
4696,2107
4697,2108
4698,2109
4699,2109
4700,2105
4701,2108
4702,2102
4703,2105
4704,2108
4705,2108
4706,2107
4707,2109
4708,2112
4709,2109
4710,2111
4711,2108
4712,2108
4713,2111
4714,2108
4715,2110
4716,2108
4717,2105
4718,2108
4719,2104
4720,2106
4721,2110
4722,2107
4723,2102
4724,2107
4725,2108
4726,2106
4727,2107
4728,2110
4729,2109
4730,2108
4731,2109
4732,2108
4733,2110
4734,2109
4735,2110
4736,2110
4737,2035
4738,2108
4739,2104
4740,2110
4741,2119
4742,2108
4743,2110
4744,2106
4745,2109
4746,2098
4747,2108
4748,2111
4749,2111
4750,2109
4751,2110
4752,2108
4753,2105
4754,2101
4755,2112
4756,2112
4757,2110
4758,2106
4759,2107
4760,2109
4761,2109
4762,2110
4763,2108
4764,2111
4765,2108
4766,2108
4767,2107
4768,2109
4769,2106
4770,2110
4771,2102
4772,2107
4773,2104
4774,2107
4775,2106
4776,2105
4777,2107
4778,2109
4779,2108
4780,2110
4781,2105
4782,2110
4783,2108
4784,2108
4785,2107
4786,2104
4787,2106
4788,2106
4789,2104
4790,2078
4791,2108
4792,2105
4793,2108
4794,2108
4795,2105
4796,2110
4797,2107
4798,2107
4799,2109
4800,2110
4801,2107
4802,2109
4803,2109
4804,2110
4805,2112
4806,2108
4807,2106
4808,2119
4809,2108
4810,2108
4811,2109
4812,2109
4813,2109
4814,2111
4815,2110
4816,2106
4817,2108
4818,2106
4819,2106
4820,2110
4821,2108
4822,2106
4823,2104
4824,2086
4825,2106
4826,2104
4827,2108
4828,2107
4829,2105
4830,2108
4831,2108
4832,2108
4833,2109
4834,2107
4835,2112
4836,2110
4837,2106
4838,2108
4839,2108
4840,2109
4841,2110
4842,2108
4843,2188
4844,2110
4845,2106
4846,2105
4847,2118
4848,2104
4849,2105
4850,2108
4851,2108
4852,2110
4853,2106
4854,2108
4855,2108
4856,2110
4857,2109
4858,2109
4859,2112
4860,2097
4861,2104
4862,2096
4863,2104
4864,2108
4865,2108
4866,2114
4867,2108
4868,2110
4869,2108
4870,2107
4871,2108
4872,2108
4873,2108
4874,2110
4875,2100
4876,2113
4877,2101
4878,2108
4879,2108
4880,2109
4881,2110
4882,2110
4883,2109
4884,2107
4885,2105
4886,2105
4887,2165
4888,2109
4889,2103
4890,2108
4891,2109
4892,2110
4893,2108
4894,2107
4895,2107
4896,2116
4897,2105
4898,2108
4899,2105
4900,2108
4901,2108
4902,2105
4903,2128
4904,2102
4905,2108
4906,2107
4907,2108
4908,2110
4909,2107
4910,2110
4911,2105
4912,2105
4913,2105
4914,2111
4915,2106
4916,2102
4917,2109
4918,2104
4919,2108
4920,2110
4921,2109
4922,2108
4923,2110
4924,2110
4925,2109
4926,2111
4927,2107
4928,2103
4929,2107
4930,2124
4931,2108
4932,2110
4933,2107
4934,2106
4935,2107
4936,2108
4937,2108
4938,2108
4939,2108
4940,2120
4941,2111
4942,2102
4943,2110
4944,2106
4945,2108
4946,2099
4947,2124
4948,2106
4949,2066
4950,2108
4951,2108
4952,2108
4953,2108
4954,2110
4955,2107
4956,2111
4957,2109
4958,2108
4959,2111
4960,2115
4961,2107
4962,2110
4963,2107
4964,2111
4965,2108
4966,2112
4967,2111
4968,2107
4969,2107
4970,2108
4971,2108
4972,2105
4973,2109
4974,2112
4975,2108
4976,2110
4977,2111
4978,2108
4979,2106
4980,2108
4981,2102
4982,2105
4983,2103
4984,2104
4985,2107
4986,2109
4987,2106
4988,2112
4989,2108
4990,2107
4991,2107
4992,2108
4993,2094
4994,2109
4995,2110
4996,2105
4997,2112
4998,2111
4999,2109
5000,2106
5001,2106
5002,2077
5003,2110
5004,2110
5005,2106
5006,2105
5007,2108
5008,2110
5009,2105
5010,2108
5011,2111
5012,2110
5013,2109
5014,2112
5015,2110
5016,2094
5017,2102
5018,2109
5019,2110
5020,2105
5021,2105
5022,2108
5023,2104
5024,2106
5025,2107
5026,2107
5027,2108
5028,2109
5029,2108
5030,2112
5031,2107
5032,2108
5033,2109
5034,2110
5035,2112
5036,2110
5037,2056
5038,2107
5039,2109
5040,2107
5041,2108
5042,2103
5043,2106
5044,2113
5045,2108
5046,2100
5047,2109
5048,2109
5049,2108
5050,2110
5051,2110
5052,2108
5053,2108
5054,2122
5055,2109
5056,2104
5057,2107
5058,2105
5059,2107
5060,2108
5061,2110
5062,2105
5063,2105
5064,2110
5065,2107
5066,2107
5067,2108
5068,2110
5069,2110
5070,2103
5071,2105
5072,2104
5073,2105
5074,2105
5075,2108
5076,2112
5077,2107
5078,2109
5079,2108
5080,2107
5081,2109
5082,2113
5083,2110
5084,2111
5085,2110
5086,2118
5087,2112
5088,2107
5089,2109
5090,2109
5091,2103
5092,2105
5093,2106
5094,2109
5095,2107
5096,2108
5097,2107
5098,2106
5099,2117
5100,2103
5101,2108
5102,2110
5103,2107
5104,2109
5105,2117
5106,2108
5107,2110
5108,2108
5109,2106
5110,2108
5111,2108
5112,2109
5113,2110
5114,2130
5115,2111
5116,2108
5117,2108
5118,2110
5119,2108
5120,2109
5121,2111
5122,2108
5123,2106
5124,2100
5125,2104
5126,2108
5127,2109
5128,2113
5129,2106
5130,2110
5131,2108
5132,2109
5133,2108
5134,2107
5135,2109
5136,2108
5137,2111
5138,2109
5139,2109
5140,2108
5141,2106
5142,2110
5143,2128
5144,2109
5145,2108
5146,2108
5147,2109
5148,2106
5149,2111
5150,2110
5151,2108
5152,2112
5153,2105
5154,2108
5155,2106
5156,2109
5157,2111
5158,2106
5159,2112
5160,2110
5161,2099
5162,2104
5163,2106
5164,2106
5165,2105
5166,2108
5167,2108
5168,2106
5169,2108
5170,2108
5171,2114
5172,2111
5173,2108
5174,2109
5175,2105
5176,2103
5177,2109
5178,2108
5179,2107
5180,2112
5181,2110
5182,2107
5183,2108
5184,2110
5185,2103
5186,2111
5187,2178
5188,2110
5189,2107
5190,2107
5191,2107
5192,2110
5193,2112
5194,2103
5195,2101
5196,2100
5197,2107
5198,2108
5199,2123
5200,2104
5201,2106
5202,2109
5203,2107
5204,2108
5205,2107
5206,2108
5207,2109
5208,2112
5209,2108
5210,2101
5211,2110
5212,2107
5213,2101
5214,2102
5215,2107
5216,2108
5217,2108
5218,2107
5219,2109
5220,2108
5221,2106
5222,2108
5223,2110
5224,2102
5225,2098
5226,2110
5227,2111
5228,2105
5229,2105
5230,2110
5231,2105
5232,2108
5233,2107
5234,2106
5235,2106
5236,2109
5237,2108
5238,2110
5239,2106
5240,2136
5241,2101
5242,2110
5243,2107
5244,2108
5245,2108
5246,2106
5247,2106
5248,2110
5249,2084
5250,2107
5251,2106
5252,2108
5253,2107
5254,2104
5255,2113
5256,2110
5257,2106
5258,2107
5259,2110
5260,2109
5261,2108
5262,2109
5263,2106
5264,2105
5265,2108
5266,2108
5267,2113
5268,2109
5269,2111
5270,2108
5271,2108
5272,2106
5273,2109
5274,2110
5275,2107
5276,2110
5277,2109
5278,2110
5279,2108
5280,2110
5281,2114
5282,2111
5283,2105
5284,2104
5285,2105
5286,2104
5287,2105
5288,2107
5289,2109
5290,2109
5291,2108
5292,2108
5293,2105
5294,2112
5295,2115
5296,2109
5297,2108
5298,2110
5299,2107
5300,2108
5301,2112
5302,2111
5303,2107
5304,2111
5305,2104
5306,2096
5307,2107
5308,2111
5309,2110
5310,2107
5311,2110
5312,2112
5313,2110
5314,2106
5315,2108
5316,2106
5317,2108
5318,2108
5319,2110
5320,2111
5321,2114
5322,2110
5323,2106
5324,2108
5325,2107
5326,2108
5327,2109
5328,2110
5329,2108
5330,2108
5331,2108
5332,2109
5333,2108
5334,2109
5335,2113
5336,2109
5337,2140
5338,2107
5339,2106
5340,2106
5341,2108
5342,2108
5343,2108
5344,2106
5345,2110
5346,2103
5347,2107
5348,2118
5349,2108
5350,2108
5351,2108
5352,2110
5353,2106
5354,2103
5355,2108
5356,2105
5357,2107
5358,2106
5359,2110
5360,2110
5361,2108
5362,2101
5363,2135
5364,2106
5365,2108
5366,2108
5367,2108
5368,2110
5369,2108
5370,2107
5371,2114
5372,2109
5373,2107
5374,2111
5375,2107
5376,2111
5377,2107
5378,2108
5379,2109
5380,2109
5381,2110
5382,2111
5383,2107
5384,2110
5385,2109
5386,2107
5387,2110
5388,2107
5389,2111
5390,2108
5391,2109
5392,2108
5393,2105
5394,2111
5395,2108
5396,2107
5397,2106
5398,2106
5399,2116
5400,2106
5401,2108
5402,2108
5403,2108
5404,2109
5405,2115
5406,2104
5407,2110
5408,2111
5409,2107
5410,2105
5411,2108
5412,2107
5413,2107
5414,2106
5415,2110
5416,2104
5417,2105
5418,2106
5419,2110
5420,2109
5421,2108
5422,2108
5423,2110
5424,2114
5425,2114
5426,2099
5427,2106
5428,2105
5429,2099
5430,2107
5431,2110
5432,2108
5433,2102
5434,2132
5435,2110
5436,2108
5437,2108
5438,2110
5439,2109
5440,2105
5441,2110
5442,2107
5443,2054
5444,2108
5445,2108
5446,2105
5447,2108
5448,2110
5449,2104
5450,2109
5451,2109
5452,2113
5453,2108
5454,2108
5455,2110
5456,2110
5457,2108
5458,2102
5459,2110
5460,2112
5461,2102
5462,2109
5463,2108
5464,2105
5465,2108
5466,2107
5467,2108
5468,2108
5469,2110
5470,2107
5471,2110
5472,2108
5473,2107
5474,2107
5475,2110
5476,2106
5477,2108
5478,2114
5479,2107
5480,2108
5481,2108
5482,2108
5483,2110
5484,2108
5485,2102
5486,2110
5487,2076
5488,2108
5489,2108
5490,2105
5491,2110
5492,2101
5493,2112
5494,2108
5495,2114
5496,2098
5497,2108
5498,2106
5499,2106
5500,2105
5501,2106
5502,2118
5503,2102
5504,2111
5505,2108
5506,2102
5507,2110
5508,2112
5509,2108
5510,2107
5511,2108
5512,2110
5513,2103
5514,2105
5515,2105
5516,2110
5517,2107
5518,2105
5519,2107
5520,2101
5521,2111
5522,2110
5523,2109
5524,2107
5525,2108
5526,2110
5527,2109
5528,2102
5529,2107
5530,2097
5531,2106
5532,2113
5533,2109
5534,2104
5535,2109
5536,2108
5537,2111
5538,2110
5539,2106
5540,2092
5541,2108
5542,2108
5543,2109
5544,2105
5545,2109
5546,2112
5547,2104
5548,2098
5549,2047
5550,2106
5551,2105
5552,2108
5553,2108
5554,2105
5555,2106
5556,2109
5557,2109
5558,2108
5559,2107
5560,2112
5561,2108
5562,2109
5563,2111
5564,2109
5565,2105
5566,2105
5567,2110
5568,2108
5569,2109
5570,2108
5571,2107
5572,2100
5573,2111
5574,2105
5575,2107
5576,2110
5577,2107
5578,2107
5579,2108
5580,2108
5581,2108
5582,2106
5583,2107
5584,2109
5585,2107
5586,2110
5587,2107
5588,2112
5589,2104
5590,2110
5591,2106
5592,2106
5593,2109
5594,2108
5595,2110
5596,2106
5597,2108
5598,2109
5599,2108
5600,2109
5601,2106
5602,2103
5603,2116
5604,2110
5605,2108
5606,2110
5607,2108
5608,2108
5609,2108
5610,2110
5611,2108
5612,2108
5613,2110
5614,2110
5615,2086
5616,2086
5617,2096
5618,2108
5619,2104
5620,2110
5621,2105
5622,2108
5623,2109
5624,2108
5625,2112
5626,2110
5627,2104
5628,2110
5629,2107
5630,2108
5631,2099
5632,2105
5633,2108
5634,2105
5635,2108
5636,2110
5637,2128
5638,2105
5639,2106
5640,2107
5641,2120
5642,2103
5643,2106
5644,2107
5645,2094
5646,2102
5647,2108
5648,2108
5649,2108
5650,2106
5651,2105
5652,2109
5653,2108
5654,2118
5655,2109
5656,2104
5657,2107
5658,2110
5659,2112
5660,2107
5661,2108
5662,2110
5663,2108
5664,2110
5665,2108
5666,2109
5667,2109
5668,2110
5669,2108
5670,2105
5671,2108
5672,2106
5673,2104
5674,2105
5675,2105
5676,2107
5677,2107
5678,2109
5679,2110
5680,2108
5681,2108
5682,2110
5683,2108
5684,2109
5685,2112
5686,2110
5687,2108
5688,2110
5689,2106
5690,2107
5691,2108
5692,2106
5693,2106
5694,2108
5695,2108
5696,2107
5697,2107
5698,2107
5699,2113
5700,2109
5701,2109
5702,2110
5703,2108
5704,2106
5705,2108
5706,2104
5707,2107
5708,2113
5709,2110
5710,2104
5711,2092
5712,2109
5713,2107
5714,2109
5715,2102
5716,2109
5717,2113
5718,2108
5719,2108
5720,2106
5721,2105
5722,2110
5723,2112
5724,2124
5725,2104
5726,2107
5727,2106
5728,2106
5729,2105
5730,2108
5731,2097
5732,2110
5733,2109
5734,2110
5735,2107
5736,2109
5737,2106
5738,2108
5739,2110
5740,2103
5741,2109
5742,2110
5743,2148
5744,2106
5745,2106
5746,2101
5747,2105
5748,2108
5749,2107
5750,2109
5751,2108
5752,2112
5753,2108
5754,2109
5755,2108
5756,2109
5757,2108
5758,2104
5759,2112
5760,2120
5761,2112
5762,2107
5763,2108
5764,2108
5765,2105
5766,2109
5767,2110
5768,2110
5769,2108
5770,2106
5771,2111
5772,2112
5773,2108
5774,2111
5775,2111
5776,2114
5777,2107
5778,2108
5779,2108
5780,2104
5781,2115
5782,2109
5783,2106
5784,2106
5785,2108
5786,2113
5787,2099
5788,2106
5789,2109
5790,2107
5791,2106
5792,2110
5793,2111
5794,2107
5795,2104
5796,2077
5797,2105
5798,2108
5799,2106
5800,2106
5801,2109
5802,2104
5803,2108
5804,2108
5805,2109
5806,2108
5807,2112
5808,2110
5809,2108
5810,2109
5811,2110
5812,2105
5813,2109
5814,2106
5815,2108
5816,2100
5817,2110
5818,2107
5819,2110
5820,2105
5821,2107
5822,2108
5823,2108
5824,2109
5825,2112
5826,2110
5827,2108
5828,2098
5829,2110
5830,2088
5831,2107
5832,2106
5833,2104
5834,2108
5835,2110
5836,2106
5837,2107
5838,2108
5839,2109
5840,2107
5841,2108
5842,2110
5843,2106
5844,2110
5845,2105
5846,2102
5847,2108
5848,2097
5849,2104
5850,2096
5851,2105
5852,2108
5853,2107
5854,2106
5855,2110
5856,2108
5857,2105
5858,2108
5859,2107
5860,2108
5861,2110
5862,2108
5863,2115
5864,2111
5865,2106
5866,2108
5867,2108
5868,2108
5869,2108
5870,2109
5871,2111
5872,2104
5873,2110
5874,2108
5875,2105
5876,2110
5877,2108
5878,2108
5879,2108
5880,2106
5881,2111
5882,2103
5883,2105
5884,2094
5885,2099
5886,2106
5887,2112
5888,2108
5889,2105
5890,2108
5891,2107
5892,2107
5893,2105
5894,2107
5895,2115
5896,2109
5897,2111
5898,2107
5899,2104
5900,2108
5901,2103
5902,2108
5903,2108
5904,2105
5905,2107
5906,2105
5907,2110
5908,2105
5909,2105
5910,2106
5911,2108
5912,2110
5913,2110
5914,2106
5915,2109
5916,2108
5917,2105
5918,2106
5919,2120
5920,2104
5921,2106
5922,2104
5923,2108
5924,2109
5925,2109
5926,2107
5927,2110
5928,2108
5929,2094
5930,2109
5931,2101
5932,2109
5933,2107
5934,2106
5935,2104
5936,2106
5937,2117
5938,2109
5939,2108
5940,2109
5941,2102
5942,2109
5943,2108
5944,2110
5945,2109
5946,2102
5947,2106
5948,2112
5949,2111
5950,2106
5951,2107
5952,2108
5953,2105
5954,2103
5955,2102
5956,2106
5957,2105
5958,2109
5959,2102
5960,2105
5961,2108
5962,2115
5963,2107
5964,2110
5965,2109
5966,2107
5967,2108
5968,2108
5969,2107
5970,2105
5971,2109
5972,2108
5973,2106
5974,2108
5975,2109
5976,2109
5977,2104
5978,2108
5979,2108
5980,2108
5981,2110
5982,2109
5983,2110
5984,2110
5985,2103
5986,2105
5987,2107
5988,2101
5989,2097
5990,2111
5991,2106
5992,2110
5993,2107
5994,2112
5995,2110
5996,2110
5997,2105
5998,2109
5999,2108

