2114
2112
2112
2114
2110
2107
2106
2102
2102
2101
2106
2103
2103
2106
2106
2101
2106
2093
2109
2111
2117
2104
2117
2086
2106
2104
2114
2101
2103
2101
2104
2103
2106
2106
2107
2100
2111
2116
2111
2110
2109
2117
2049
2146
2095
2100
2100
2106
2103
2096
2107
2108
2109
2110
2113
2112
2113
2113
2107
2109
2098
2100
2106
2100
2102
2105
2106
2104
2106
2107
2105
2108
2114
2119
2108
2116
2113
2097
2101
2100
2104
2101
2103
2105
2103
2104
2103
2109
2117
2112
2110
2111
2113
2110
2110
2122
2109
2101
2101
2103
2101
2104
2110
2107
2106
2104
2110
2111
2111
2113
2114
2110
2117
2109
2114
2104
2102
2102
2109
2102
2102
2105
2107
2098
2111
2115
2113
2108
2116
2110
2104
2106
2100
2101
2101
2101
2104
2103
2104
2108
2107
