

0,2094
1,2097
2,2102
3,2101
4,2097
5,2078
6,2100
7,2100
8,2102
9,2103
10,2102
11,2100
12,2109
13,2103
14,2105
15,2101
16,2101
17,2105
18,2104
19,2103
20,2105
21,2108
22,2101
23,2102
24,2105
25,2105
26,2104
27,2107
28,2103
29,2108
30,2102
31,2104
32,2106
33,2108
34,2104
35,2109
36,2109
37,2108
38,2104
39,2103
40,2108
41,2105
42,2102
43,2104
44,2105
45,2107
46,2107
47,2103
48,2105
49,2107
50,2107
51,2109
52,2107
53,2103
54,2104
55,2105
56,2161
57,2105
58,2112
59,2105
60,2103
61,2108
62,2115
63,2108
64,2107
65,2114
66,2108
67,2112
68,2108
69,2105
70,2107
71,2103
72,2106
73,2106
74,2106
75,2107
76,2108
77,2108
78,2117
79,2110
80,2108
81,2107
82,2109
83,2112
84,2105
85,2108
86,2106
87,2109
88,2107
89,2066
90,2099
91,2105
92,2110
93,2107
94,2107
95,2110
96,2109
97,2106
98,2106
99,2108
100,2106
101,2109
102,2108
103,2107
104,2109
105,2108
106,2110
107,2110
108,2105
109,2142
110,2102
111,2108
112,2108
113,2100
114,2105
115,2105
116,2107
117,2105
118,2101
119,2105
120,2105
121,2113
122,2108
123,2118
124,2105
125,2111
126,2111
127,2097
128,2105
129,2108
130,2103
131,2104
132,2108
133,2108
134,2106
135,2109
136,2110
137,2108
138,2112
139,2112
140,2111
141,2102
142,2053
143,2104
144,2104
145,2107
146,2109
147,2106
148,2107
149,2110
150,2110
151,2109
152,2116
153,2107
154,2106
155,2110
156,2108
157,2107
158,2109
159,2116
160,2113
161,2108
162,2100
163,2110
164,2109
165,2110
166,2110
167,2108
168,2106
169,2107
170,2107
171,2104
172,2110
173,2108
174,2104
175,2110
176,2111
177,2102
178,2107
179,2107
180,2107
181,2109
182,2110
183,2108
184,2106
185,2107
186,2109
187,2104
188,2107
189,2109
190,2109
191,2105
192,2104
193,2108
194,2116
195,2158
196,2109
197,2110
198,2109
199,2109
200,2107
201,2110
202,2110
203,2107
204,2107
205,2110
206,2120
207,2108
208,2109
209,2096
210,2106
211,2106
212,2109
213,2108
214,2108
215,2101
216,2108
217,2111
218,2109
219,2108
220,2120
221,2105
222,2106
223,2104
224,2112
225,2109
226,2109
227,2107
228,2108
229,2105
230,2108
231,2101
232,2108
233,2107
234,2110
235,2109
236,2111
237,2108
238,2109
239,2111
240,2106
241,2108
242,2116
243,2107
244,2109
245,2111
246,2108
247,2106
248,2109
249,2108
250,2110
251,2110
252,2109
253,2108
254,2109
255,2105
256,2110
257,2112
258,2106
259,2102
260,2110
261,2103
262,2110
263,2105
264,2108
265,2107
266,2108
267,2105
268,2112
269,2107
270,2108
271,2108
272,2104
273,2113
274,2107
275,2106
276,2104
277,2114
278,2107
279,2108
280,2109
281,2112
282,2109
283,2109
284,2108
285,2108
286,2105
287,2112
288,2109
289,2108
290,2108
291,2112
292,2109
293,2106
294,2106
295,2110
296,2108
297,2108
298,2108
299,2108
300,2103
301,2104
302,2108
303,2105
304,2112
305,2106
306,2110
307,2108
308,2109
309,2108
310,2107
311,2110
312,2107
313,2105
314,2109
315,2107
316,2107
317,2087
318,2100
319,2108
320,2108
321,2113
322,2109
323,2110
324,2107
325,2109
326,2109
327,2107
328,2108
329,2110
330,2109
331,2105
332,2109
333,2109
334,2110
335,2108
336,2064
337,2110
338,2105
339,2110
340,2108
341,2109
342,2107
343,2109
344,2109
345,2111
346,2106
347,2108
348,2110
349,2111
350,2107
351,2116
352,2108
353,2106
354,2114
355,2112
356,2132
357,2107
358,2108
359,2104
360,2103
361,2107
362,2110
363,2108
364,2109
365,2116
366,2106
367,2110
368,2108
369,2104
370,2108
371,2107
372,2106
373,2106
374,2104
375,2108
376,2109
377,2108
378,2104
379,2110
380,2109
381,2111
382,2111
383,2104
384,2104
385,2108
386,2106
387,2103
388,2108
389,2092
390,2108
391,2107
392,2108
393,2108
394,2108
395,2109
396,2108
397,2109
398,2111
399,2107
400,2108
401,2106
402,2105
403,2108
404,2110
405,2109
406,2104
407,2094
408,2108
409,2102
410,2108
411,2109
412,2108
413,2109
414,2104
415,2111
416,2110
417,2106
418,2099
419,2112
420,2108
421,2111
422,2106
423,2124
424,2107
425,2105
426,2108
427,2104
428,2106
429,2107
430,2109
431,2111
432,2108
433,2110
434,2110
435,2110
436,2108
437,2109
438,2108
439,2111
440,2110
441,2101
442,2069
443,2107
444,2105
445,2108
446,2111
447,2108
448,2110
449,2110
450,2105
451,2108
452,2108
453,2106
454,2107
455,2107
456,2108
457,2107
458,2109
459,2105
460,2108
461,2109
462,2104
463,2109
464,2106
465,2109
466,2110
467,2108
468,2113
469,2111
470,2108
471,2098
472,2110
473,2110
474,2105
475,2108
476,2107
477,2103
478,2104
479,2111
480,2110
481,2106
482,2108
483,2108
484,2110
485,2098
486,2110
487,2108
488,2107
489,2110
490,2107
491,2108
492,2106
493,2107
494,2107
495,2166
496,2110
497,2104
498,2106
499,2106
500,2109
501,2105
502,2110
503,2108
504,2104
505,2109
506,2144
507,2108
508,2106
509,2110
510,2107
511,2110
512,2108
513,2104
514,2108
515,2099
516,2108
517,2107
518,2108
519,2108
520,2109
521,2109
522,2107
523,2098
524,2114
525,2110
526,2108
527,2104
528,2105
529,2108
530,2110
531,2108
532,2110
533,2108
534,2103
535,2110
536,2109
537,2108
538,2110
539,2107
540,2110
541,2112
542,2107
543,2108
544,2107
545,2107
546,2107
547,2108
548,2102
549,2107
550,2110
551,2108
552,2106
553,2108
554,2108
555,2108
556,2111
557,2108
558,2108
559,2112
560,2108
561,2108
562,2105
563,2109
564,2110
565,2116
566,2108
567,2108
568,2115
569,2105
570,2110
571,2110
572,2108
573,2111
574,2110
575,2104
576,2108
577,2110
578,2108
579,2103
580,2104
581,2105
582,2105
583,2108
584,2106
585,2108
586,2108
587,2107
588,2109
589,2109
590,2109
591,2106
592,2108
593,2108
594,2104
595,2108
596,2109
597,2108
598,2105
599,2110
600,2110
601,2106
602,2107
603,2108
604,2109
605,2109
606,2108
607,2106
608,2111
609,2107
610,2108
611,2107
612,2111
613,2109
614,2102
615,2113
616,2108
617,2079
618,2104
619,2110
620,2111
621,2108
622,2110
623,2110
624,2104
625,2107
626,2112
627,2112
628,2105
629,2108
630,2105
631,2106
632,2104
633,2112
634,2109
635,2108
636,2114
637,2109
638,2105
639,2107
640,2109
641,2108
642,2108
643,2110
644,2106
645,2108
646,2110
647,2107
648,2108
649,2112
650,2108
651,2105
652,2107
653,2118
654,2104
655,2108
656,2069
657,2110
658,2105
659,2109
660,2112
661,2108
662,2108
663,2110
664,2116
665,2114
666,2111
667,2108
668,2107
669,2106
670,2115
671,2103
672,2107
673,2108
674,2104
675,2105
676,2107
677,2104
678,2106
679,2108
680,2111
681,2107
682,2107
683,2106
684,2106
685,2108
686,2110
687,2104
688,2106
689,2117
690,2110
691,2091
692,2111
693,2110
694,2100
695,2109
696,2108
697,2108
698,2108
699,2109
700,2107
701,2108
702,2107
703,2103
704,2105
705,2108
706,2115
707,2113
708,2110
709,2098
710,2108
711,2106
712,2110
713,2108
714,2106
715,2112
716,2110
717,2106
718,2104
719,2108
720,2108
721,2106
722,2105
723,2086
724,2108
725,2107
726,2107
727,2110
728,2101
729,2108
730,2112
731,2105
732,2112
733,2109
734,2105
735,2110
736,2108
737,2104
738,2105
739,2108
740,2110
741,2098
742,2059
743,2105
744,2108
745,2107
746,2110
747,2110
748,2106
749,2107
750,2107
751,2108
752,2108
753,2110
754,2108
755,2119
756,2106
757,2112
758,2110
759,2107
760,2103
761,2108
762,2104
763,2112
764,2106
765,2105
766,2110
767,2108
768,2086
769,2107
770,2110
771,2104
772,2105
773,2105
774,2105
775,2102
776,2114
777,2111
778,2109
779,2107
780,2111
781,2110
782,2106
783,2106
784,2111
785,2107
786,2106
787,2109
788,2110
789,2109
790,2105
791,2106
792,2109
793,2105
794,2128
795,2074
796,2108
797,2108
798,2106
799,2110
800,2110
801,2105
802,2108
803,2110
804,2107
805,2108
806,2097
807,2110
808,2106
809,2110
810,2113
811,2110
812,2099
813,2103
814,2108
815,2099
816,2106
817,2109
818,2112
819,2109
820,2109
821,2108
822,2107
823,2112
824,2112
825,2107
826,2109
827,2109
828,2107
829,2105
830,2112
831,2112
832,2110
833,2108
834,2107
835,2106
836,2105
837,2111
838,2109
839,2108
840,2108
841,2107
842,2104
843,2111
844,2110
845,2107
846,2100
847,2099
848,2104
849,2110
850,2107
851,2107
852,2104
853,2107
854,2105
855,2108
856,2110
857,2108
858,2109
859,2116
860,2111
861,2107
862,2100
863,2104
864,2108
865,2105
866,2111
867,2107
868,2111
869,2108
870,2109
871,2107
872,2109
873,2112
874,2111
875,2108
876,2108
877,2105
878,2109
879,2111
880,2111
881,2106
882,2105
883,2106
884,2105
885,2108
886,2108
887,2106
888,2107
889,2110
890,2111
891,2110
892,2109
893,2108
894,2106
895,2099
896,2109
897,2104
898,2107
899,2101
900,2106
901,2108
902,2107
903,2108
904,2109
905,2108
906,2110
907,2110
908,2108
909,2108
910,2108
911,2107
912,2095
913,2109
914,2107
915,2119
916,2108
917,2109
918,2110
919,2107
920,2112
921,2110
922,2106
923,2109
924,2108
925,2107
926,2109
927,2110
928,2109
929,2106
930,2106
931,2113
932,2108
933,2111
934,2107
935,2108
936,2108
937,2107
938,2108
939,2112
940,2105
941,2104
942,2111
943,2113
944,2110
945,2104
946,2105
947,2106
948,2105
949,2106
950,2112
951,2105
952,2110
953,2111
954,2112
955,2096
956,2115
957,2109
958,2104
959,2106
960,2105
961,2105
962,2108
963,2107
964,2109
965,2099
966,2111
967,2108
968,2113
969,2109
970,2097
971,2107
972,2105
973,2114
974,2105
975,2107
976,2105
977,2107
978,2108
979,2105
980,2110
981,2106
982,2105
983,2114
984,2108
985,2109
986,2105
987,2106
988,2110
989,2109
990,2107
991,2107
992,2110
993,2106
994,2108
995,2107
996,2106
997,2109
998,2106
999,2108
1000,2110
1001,2107
1002,2110
1003,2104
1004,2108
1005,2107
1006,2103
1007,2108
1008,2090
1009,2108
1010,2110
1011,2104
1012,2106
1013,2107
1014,2110
1015,2109
1016,2107
1017,2109
1018,2112
1019,2105
1020,2114
1021,2109
1022,2110
1023,2120
1024,2108
1025,2105
1026,2105
1027,2109
1028,2108
1029,2110
1030,2109
1031,2109
1032,2108
1033,2112
1034,2111
1035,2108
1036,2107
1037,2105
1038,2106
1039,2108
1040,2117
1041,2116
1042,2109
1043,2109
1044,2108
1045,2109
1046,2109
1047,2111
1048,2110
1049,2112
1050,2111
1051,2106
1052,2118
1053,2103
1054,2103
1055,2110
1056,2105
1057,2110
1058,2105
1059,2107
1060,2104
1061,2111
1062,2111
1063,2103
1064,2108
1065,2105
1066,2108
1067,2108
1068,2105
1069,2108
1070,2106
1071,2116
1072,2104
1073,2106
1074,2105
1075,2106
1076,2095
1077,2104
1078,2110
1079,2101
1080,2107
1081,2110
1082,2108
1083,2106
1084,2108
1085,2108
1086,2109
1087,2109
1088,2110
1089,2102
1090,2107
1091,2106
1092,2108
1093,2109
1094,2111
1095,2108
1096,2108
1097,2110
1098,2105
1099,2107
1100,2112
1101,2104
1102,2105
1103,2108
1104,2110
1105,2108
1106,2092
1107,2105
1108,2106
1109,2107
1110,2106
1111,2110
1112,2100
1113,2112
1114,2109
1115,2114
1116,2108
1117,2105
1118,2108
1119,2105
1120,2110
1121,2114
1122,2108
1123,2098
1124,2106
1125,2111
1126,2108
1127,2106
1128,2104
1129,2110
1130,2110
1131,2112
1132,2106
1133,2108
1134,2111
1135,2108
1136,2104
1137,2108
1138,2109
1139,2108
1140,2114
1141,2110
1142,2108
1143,2109
1144,2107
1145,2106
1146,2110
1147,2101
1148,2112
1149,2107
1150,2104
1151,2106
1152,2108
1153,2115
1154,2111
1155,2107
1156,2106
1157,2112
1158,2108
1159,2118
1160,2112
1161,2110
1162,2106
1163,2105
1164,2110
1165,2111
1166,2112
1167,2110
1168,2112
1169,2108
1170,2105
1171,2108
1172,2111
1173,2108
1174,2106
1175,2108
1176,2116
1177,2106
1178,2112
1179,2105
1180,2108
1181,2109
1182,2101
1183,2106
1184,2110
1185,2108
1186,2108
1187,2110
1188,2108
1189,2109
1190,2105
1191,2107
1192,2106
1193,2108
1194,2107
1195,2108
1196,2109
1197,2107
1198,2111
1199,2108
1200,2106
1201,2121
1202,2106
1203,2111
1204,2108
1205,2108
1206,2110
1207,2111
1208,2105
1209,2108
1210,2108
1211,2108
1212,2093
1213,2106
1214,2109
1215,2107
1216,2109
1217,2125
1218,2106
1219,2104
1220,2108
1221,2108
1222,2111
1223,2107
1224,2105
1225,2105
1226,2104
1227,2109
1228,2116
1229,2107
1230,2106
1231,2106
1232,2104
1233,2105
1234,2105
1235,2102
1236,2076
1237,2109
1238,2109
1239,2108
1240,2106
1241,2101
1242,2104
1243,2110
1244,2110
1245,2108
1246,2106
1247,2109
1248,2109
1249,2107
1250,2107
1251,2106
1252,2105
1253,2116
1254,2109
1255,2106
1256,2120
1257,2108
1258,2108
1259,2111
1260,2111
1261,2099
1262,2109
1263,2108
1264,2110
1265,2098
1266,2118
1267,2107
1268,2104
1269,2105
1270,2124
1271,2112
1272,2106
1273,2110
1274,2110
1275,2108
1276,2107
1277,2108
1278,2109
1279,2109
1280,2108
1281,2116
1282,2111
1283,2107
1284,2105
1285,2108
1286,2105
1287,2110
1288,2111
1289,2145
1290,2107
1291,2107
1292,2107
1293,2103
1294,2111
1295,2105
1296,2110
1297,2104
1298,2106
1299,2110
1300,2112
1301,2108
1302,2106
1303,2111
1304,2108
1305,2108
1306,2107
1307,2109
1308,2115
1309,2108
1310,2109
1311,2108
1312,2109
1313,2110
1314,2110
1315,2108
1316,2110
1317,2108
1318,2111
1319,2104
1320,2103
1321,2113
1322,2107
1323,2090
1324,2108
1325,2107
1326,2105
1327,2111
1328,2108
1329,2117
1330,2096
1331,2106
1332,2108
1333,2103
1334,2112
1335,2108
1336,2108
1337,2105
1338,2110
1339,2109
1340,2106
1341,2108
1342,2148
1343,2109
1344,2107
1345,2106
1346,2106
1347,2108
1348,2102
1349,2105
1350,2106
1351,2110
1352,2105
1353,2108
1354,2108
1355,2107
1356,2109
1357,2112
1358,2110
1359,2107
1360,2100
1361,2109
1362,2118
1363,2110
1364,2110
1365,2105
1366,2105
1367,2109
1368,2111
1369,2109
1370,2109
1371,2113
1372,2108
1373,2109
1374,2106
1375,2104
1376,2117
1377,2110
1378,2105
1379,2110
1380,2106
1381,2109
1382,2109
1383,2109
1384,2108
1385,2109
1386,2108
1387,2092
1388,2108
1389,2107
1390,2109
1391,2108
1392,2105
1393,2108
1394,2112
1395,2111
1396,2110
1397,2110
1398,2101
1399,2112
1400,2121
1401,2110
1402,2106
1403,2109
1404,2109
1405,2108
1406,2127
1407,2107
1408,2110
1409,2105
1410,2111
1411,2109
1412,2105
1413,2094
1414,2107
1415,2118
1416,2111
1417,2105
1418,2108
1419,2106
1420,2108
1421,2107
1422,2106
1423,2108
1424,2103
1425,2110
1426,2108
1427,2104
1428,2104
1429,2112
1430,2114
1431,2114
1432,2111
1433,2104
1434,2106
1435,2106
1436,2106
1437,2109
1438,2101
1439,2104
1440,2109
1441,2107
1442,2109
1443,2108
1444,2108
1445,2109
1446,2111
1447,2103
1448,2113
1449,2105
1450,2107
1451,2107
1452,2106
1453,2103
1454,2109
1455,2109
1456,2107
1457,2110
1458,2108
1459,2110
1460,2106
1461,2110
1462,2110
1463,2105
1464,2103
1465,2111
1466,2092
1467,2128
1468,2102
1469,2112
1470,2110
1471,2105
1472,2105
1473,2107
1474,2109
1475,2105
1476,2105
1477,2107
1478,2106
1479,2105
1480,2102
1481,2106
1482,2101
1483,2105
1484,2108
1485,2111
1486,2109
1487,2108
1488,2105
1489,2108
1490,2107
1491,2108
1492,2104
1493,2111
1494,2114
1495,2112
1496,2110
1497,2109
1498,2105
1499,2104
1500,2106
1501,2111
1502,2110
1503,2108
1504,2108
1505,2108
1506,2111
1507,2111
1508,2108
1509,2104
1510,2106
1511,2108
1512,2100
1513,2109
1514,2110
1515,2110
1516,2115
1517,2119
1518,2103
1519,2108
1520,2108
1521,2104
1522,2108
1523,2108
1524,2106
1525,2104
1526,2108
1527,2112
1528,2108
1529,2110
1530,2108
1531,2104
1532,2107
1533,2112
1534,2104
1535,2110
1536,2146
1537,2103
1538,2112
1539,2107
1540,2109
1541,2109
1542,2106
1543,2108
1544,2108
1545,2110
1546,2111
1547,2117
1548,2109
1549,2108
1550,2107
1551,2103
1552,2104
1553,2104
1554,2105
1555,2110
1556,2084
1557,2106
1558,2113
1559,2100
1560,2109
1561,2110
1562,2103
1563,2104
1564,2109
1565,2099
1566,2108
1567,2108
1568,2108
1569,2105
1570,2120
1571,2108
1572,2112
1573,2109
1574,2111
1575,2108
1576,2106
1577,2106
1578,2110
1579,2109
1580,2107
1581,2111
1582,2108
1583,2107
1584,2103
1585,2104
1586,2105
1587,2106
1588,2108
1589,2135
1590,2110
1591,2107
1592,2108
1593,2108
1594,2116
1595,2107
1596,2103
1597,2110
1598,2106
1599,2105
1600,2105
1601,2104
1602,2106
1603,2108
1604,2106
1605,2108
1606,2112
1607,2109
1608,2115
1609,2098
1610,2109
1611,2106
1612,2105
1613,2110
1614,2104
1615,2110
1616,2106
1617,2108
1618,2113
1619,2117
1620,2109
1621,2107
1622,2108
1623,2111
1624,2111
1625,2106
1626,2106
1627,2111
1628,2103
1629,2107
1630,2111
1631,2110
1632,2107
1633,2108
1634,2110
1635,2108
1636,2105
1637,2107
1638,2106
1639,2110
1640,2107
1641,2110
1642,2105
1643,2106
1644,2109
1645,2109
1646,2103
1647,2108
1648,2108
1649,2110
1650,2108
1651,2109
1652,2108
1653,2105
1654,2104
1655,2108
1656,2084
1657,2109
1658,2111
1659,2118
1660,2109
1661,2108
1662,2121
1663,2108
1664,2106
1665,2104
1666,2106
1667,2110
1668,2106
1669,2110
1670,2108
1671,2113
1672,2110
1673,2108
1674,2105
1675,2156
1676,2111
1677,2110
1678,2107
1679,2107
1680,2104
1681,2108
1682,2126
1683,2105
1684,2108
1685,2109
1686,2105
1687,2105
1688,2106
1689,2106
1690,2108
1691,2108
1692,2111
1693,2108
1694,2109
1695,2075
1696,2115
1697,2106
1698,2104
1699,2108
1700,2110
1701,2110
1702,2107
1703,2106
1704,2105
1705,2109
1706,2107
1707,2108
1708,2106
1709,2102
1710,2095
1711,2111
1712,2109
1713,2110
1714,2111
1715,2119
1716,2106
1717,2112
1718,2110
1719,2106
1720,2109
1721,2112
1722,2109
1723,2106
1724,2092
1725,2111
1726,2109
1727,2107
1728,2104
1729,2105
1730,2106
1731,2108
1732,2117
1733,2110
1734,2110
1735,2108
1736,2108
1737,2107
1738,2108
1739,2105
1740,2107
1741,2110
1742,2106
1743,2109
1744,2107
1745,2096
1746,2126
1747,2117
1748,2118
1749,2106
1750,2107
1751,2106
1752,2107
1753,2106
1754,2108
1755,2110
1756,2107
1757,2110
1758,2105
1759,2110
1760,2110
1761,2108
1762,2110
1763,2102
1764,2107
1765,2110
1766,2107
1767,2108
1768,2102
1769,2105
1770,2106
1771,2108
1772,2107
1773,2108
1774,2110
1775,2106
1776,2106
1777,2108
1778,2106
1779,2108
1780,2112
1781,2111
1782,2110
1783,2110
1784,2105
1785,2110
1786,2107
1787,2108
1788,2102
1789,2106
1790,2107
1791,2109
1792,2108
1793,2107
1794,2106
1795,2104
1796,2104
1797,2109
1798,2111
1799,2107
1800,2106
1801,2112
1802,2109
1803,2105
1804,2108
1805,2116
1806,2108
1807,2106
1808,2110
1809,2110
1810,2107
1811,2113
1812,2105
1813,2107
1814,2124
1815,2095
1816,2112
1817,2126
1818,2106
1819,2109
1820,2116
1821,2105
1822,2105
1823,2108
1824,2109
1825,2109
1826,2108
1827,2110
1828,2107
1829,2109
1830,2104
1831,2110
1832,2109
1833,2109
1834,2111
1835,2108
1836,2111
1837,2110
1838,2108
1839,2109
1840,2108
1841,2109
1842,2109
1843,2110
1844,2116
1845,2111
1846,2108
1847,2106
1848,2108
1849,2109
1850,2108
1851,2116
1852,2108
1853,2102
1854,2116
1855,2109
1856,2086
1857,2110
1858,2103
1859,2108
1860,2112
1861,2109
1862,2108
1863,2110
1864,2107
1865,2101
1866,2107
1867,2108
1868,2110
1869,2108
1870,2105
1871,2105
1872,2106
1873,2111
1874,2112
1875,2108
1876,2109
1877,2110
1878,2110
1879,2108
1880,2108
1881,2107
1882,2109
1883,2103
1884,2108
1885,2107
1886,2106
1887,2104
1888,2107
1889,2135
1890,2101
1891,2108
1892,2106
1893,2105
1894,2111
1895,2111
1896,2104
1897,2104
1898,2115
1899,2107
1900,2103
1901,2103
1902,2107
1903,2108
1904,2106
1905,2105
1906,2112
1907,2112
1908,2107
1909,2105
1910,2109
1911,2108
1912,2108
1913,2100
1914,2112
1915,2107
1916,2105
1917,2108
1918,2115
1919,2110
1920,2107
1921,2114
1922,2107
1923,2124
1924,2108
1925,2105
1926,2107
1927,2110
1928,2111
1929,2108
1930,2108
1931,2110
1932,2108
1933,2105
1934,2110
1935,2112
1936,2105
1937,2108
1938,2105
1939,2112
1940,2089
1941,2104
1942,2057
1943,2106
1944,2105
1945,2106
1946,2107
1947,2109
1948,2111
1949,2107
1950,2108
1951,2110
1952,2105
1953,2108
1954,2104
1955,2108
1956,2104
1957,2108
1958,2112
1959,2111
1960,2110
1961,2108
1962,2113
1963,2109
1964,2107
1965,2108
1966,2108
1967,2102
1968,2107
1969,2109
1970,2108
1971,2112
1972,2110
1973,2108
1974,2107
1975,2108
1976,2100
1977,2119
1978,2110
1979,2105
1980,2103
1981,2106
1982,2104
1983,2110
1984,2110
1985,2108
1986,2105
1987,2109
1988,2105
1989,2110
1990,2105
1991,2106
1992,2109
1993,2108
1994,2119
1995,2088
1996,2103
1997,2107
1998,2107
1999,2109
2000,2110
2001,2107
2002,2105
2003,2105
2004,2108
2005,2108
2006,2103
2007,2106
2008,2104
2009,2107
2010,2108
2011,2108
2012,2109
2013,2106
2014,2107
2015,2117
2016,2105
2017,2112
2018,2104
2019,2108
2020,2109
2021,2105
2022,2104
2023,2111
2024,2105
2025,2107
2026,2110
2027,2116
2028,2108
2029,2104
2030,2108
2031,2108
2032,2106
2033,2105
2034,2108
2035,2118
2036,2108
2037,2110
2038,2110
2039,2104
2040,2105
2041,2109
2042,2107
2043,2106
2044,2107
2045,2101
2046,2108
2047,2100
2048,2107
2049,2111
2050,2108
2051,2109
2052,2108
2053,2106
2054,2110
2055,2108
2056,2109
2057,2108
2058,2110
2059,2111
2060,2106
2061,2106
2062,2108
2063,2111
2064,2105
2065,2112
2066,2109
2067,2108
2068,2105
2069,2110
2070,2107
2071,2110
2072,2108
2073,2103
2074,2105
2075,2108
2076,2102
2077,2105
2078,2109
2079,2110
2080,2106
2081,2106
2082,2104
2083,2108
2084,2107
2085,2106
2086,2107
2087,2107
2088,2107
2089,2110
2090,2109
2091,2135
2092,2093
2093,2104
2094,2108
2095,2105
2096,2109
2097,2108
2098,2113
2099,2111
2100,2106
2101,2112
2102,2111
2103,2108
2104,2103
2105,2108
2106,2108
2107,2106
2108,2107
2109,2108
2110,2110
2111,2109
2112,2108
2113,2110
2114,2108
2115,2107
2116,2107
2117,2123
2118,2102
2119,2110
2120,2106
2121,2104
2122,2107
2123,2107
2124,2107
2125,2110
2126,2108
2127,2110
2128,2108
2129,2104
2130,2099
2131,2110
2132,2109
2133,2105
2134,2108
2135,2111
2136,2174
2137,2105
2138,2109
2139,2109
2140,2108
2141,2105
2142,2108
2143,2108
2144,2107
2145,2109
2146,2108
2147,2108
2148,2107
2149,2107
2150,2110
2151,2105
2152,2107
2153,2095
2154,2108
2155,2110
2156,2096
2157,2108
2158,2108
2159,2110
2160,2108
2161,2107
2162,2107
2163,2104
2164,2108
2165,2107
2166,2109
2167,2108
2168,2108
2169,2100
2170,2112
2171,2106
2172,2105
2173,2110
2174,2111
2175,2109
2176,2108
2177,2108
2178,2109
2179,2115
2180,2111
2181,2111
2182,2110
2183,2116
2184,2110
2185,2109
2186,2107
2187,2104
2188,2108
2189,2101
2190,2108
2191,2108
2192,2109
2193,2108
2194,2105
2195,2107
2196,2108
2197,2108
2198,2108
2199,2109
2200,2109
2201,2108
2202,2107
2203,2109
2204,2110
2205,2114
2206,2104
2207,2108
2208,2109
2209,2105
2210,2110
2211,2110
2212,2104
2213,2108
2214,2108
2215,2109
2216,2109
2217,2105
2218,2112
2219,2106
2220,2105
2221,2111
2222,2111
2223,2095
2224,2108
2225,2116
2226,2108
2227,2110
2228,2106
2229,2108
2230,2119
2231,2102
2232,2108
2233,2108
2234,2108
2235,2106
2236,2107
2237,2108
2238,2106
2239,2116
2240,2111
2241,2102
2242,2058
2243,2111
2244,2109
2245,2110
2246,2109
2247,2107
2248,2108
2249,2108
2250,2105
2251,2108
2252,2102
2253,2107
2254,2108
2255,2108
2256,2110
2257,2105
2258,2110
2259,2106
2260,2106
2261,2108
2262,2118
2263,2110
2264,2111
2265,2108
2266,2108
2267,2106
2268,2107
2269,2106
2270,2106
2271,2110
2272,2108
2273,2111
2274,2107
2275,2112
2276,2107
2277,2103
2278,2111
2279,2106
2280,2104
2281,2106
2282,2110
2283,2109
2284,2104
2285,2108
2286,2110
2287,2108
2288,2109
2289,2109
2290,2108
2291,2107
2292,2108
2293,2109
2294,2107
2295,2098
2296,2111
2297,2110
2298,2110
2299,2104
2300,2095
2301,2107
2302,2108
2303,2106
2304,2109
2305,2109
2306,2116
2307,2108
2308,2108
2309,2108
2310,2108
2311,2109
2312,2100
2313,2114
2314,2103
2315,2109
2316,2111
2317,2113
2318,2109
2319,2106
2320,2107
2321,2106
2322,2104
2323,2110
2324,2110
2325,2108
2326,2108
2327,2109
2328,2107
2329,2105
2330,2098
2331,2105
2332,2111
2333,2104
2334,2105
2335,2106
2336,2107
2337,2108
2338,2106
2339,2109
2340,2105
2341,2102
2342,2105
2343,2105
2344,2106
2345,2108
2346,2108
2347,2108
2348,2108
2349,2109
2350,2111
2351,2110
2352,2109
2353,2109
2354,2110
2355,2108
2356,2106
2357,2108
2358,2108
2359,2101
2360,2108
2361,2105
2362,2116
2363,2107
2364,2112
2365,2109
2366,2103
2367,2115
2368,2125
2369,2110
2370,2104
2371,2109
2372,2105
2373,2108
2374,2110
2375,2111
2376,2110
2377,2108
2378,2108
2379,2107
2380,2100
2381,2110
2382,2106
2383,2111
2384,2108
2385,2108
2386,2109
2387,2111
2388,2111
2389,2104
2390,2106
2391,2107
2392,2111
2393,2111
2394,2107
2395,2105
2396,2104
2397,2102
2398,2108
2399,2111
2400,2101
2401,2118
2402,2110
2403,2109
2404,2108
2405,2109
2406,2108
2407,2109
2408,2112
2409,2109
2410,2110
2411,2109
2412,2117
2413,2116
2414,2110
2415,2107
2416,2110
2417,2083
2418,2105
2419,2110
2420,2098
2421,2105
2422,2110
2423,2108
2424,2108
2425,2110
2426,2110
2427,2109
2428,2108
2429,2110
2430,2108
2431,2105
2432,2104
2433,2111
2434,2104
2435,2104
2436,2156
2437,2109
2438,2109
2439,2116
2440,2111
2441,2105
2442,2108
2443,2106
2444,2108
2445,2111
2446,2108
2447,2111
2448,2112
2449,2106
2450,2106
2451,2109
2452,2109
2453,2100
2454,2105
2455,2104
2456,2124
2457,2107
2458,2110
2459,2108
2460,2108
2461,2108
2462,2111
2463,2110
2464,2106
2465,2106
2466,2108
2467,2107
2468,2106
2469,2118
2470,2114
2471,2104
2472,2107
2473,2109
2474,2109
2475,2109
2476,2107
2477,2107
2478,2105
2479,2107
2480,2108
2481,2110
2482,2112
2483,2105
2484,2105
2485,2107
2486,2104
2487,2103
2488,2111
2489,2137
2490,2109
2491,2110
2492,2109
2493,2108
2494,2108
2495,2107
2496,2107
2497,2110
2498,2107
2499,2113
2500,2119
2501,2106
2502,2108
2503,2108
2504,2106
2505,2110
2506,2110
2507,2110
2508,2100
2509,2112
2510,2107
2511,2111
2512,2108
2513,2108
2514,2109
2515,2110
2516,2108
2517,2108
2518,2104
2519,2089
2520,2106
2521,2115
2522,2110
2523,2111
2524,2107
2525,2108
2526,2108
2527,2109
2528,2107
2529,2111
2530,2105
2531,2106
2532,2106
2533,2106
2534,2107
2535,2117
2536,2110
2537,2107
2538,2108
2539,2114
2540,2102
2541,2118
2542,2144
2543,2109
2544,2106
2545,2110
2546,2111
2547,2105
2548,2106
2549,2106
2550,2107
2551,2105
2552,2109
2553,2109
2554,2110
2555,2104
2556,2105
2557,2105
2558,2110
2559,2104
2560,2105
2561,2110
2562,2103
2563,2109
2564,2107
2565,2107
2566,2108
2567,2087
2568,2108
2569,2108
2570,2104
2571,2106
2572,2107
2573,2107
2574,2110
2575,2112
2576,2121
2577,2102
2578,2108
2579,2109
2580,2110
2581,2103
2582,2112
2583,2108
2584,2112
2585,2108
2586,2108
2587,2110
2588,2108
2589,2108
2590,2108
2591,2108
2592,2108
2593,2108
2594,2110
2595,2114
2596,2106
2597,2106
2598,2106
2599,2110
2600,2110
2601,2104
2602,2106
2603,2107
2604,2107
2605,2106
2606,2073
2607,2108
2608,2108
2609,2105
2610,2108
2611,2108
2612,2105
2613,2113
2614,2110
2615,2104
2616,2110
2617,2108
2618,2105
2619,2108
2620,2107
2621,2107
2622,2107
2623,2114
2624,2111
2625,2106
2626,2107
2627,2109
2628,2108
2629,2107
2630,2105
2631,2109
2632,2109
2633,2109
2634,2106
2635,2112
2636,2109
2637,2109
2638,2110
2639,2108
2640,2108
2641,2111
2642,2109
2643,2105
2644,2108
2645,2107
2646,2107
2647,2103
2648,2114
2649,2110
2650,2103
2651,2106
2652,2108
2653,2108
2654,2109
2655,2109
2656,2107
2657,2107
2658,2108
2659,2090
2660,2109
2661,2108
2662,2120
2663,2111
2664,2112
2665,2104
2666,2109
2667,2107
2668,2104
2669,2108
2670,2107
2671,2108
2672,2111
2673,2109
2674,2108
2675,2110
2676,2105
2677,2108
2678,2109
2679,2106
2680,2108
2681,2112
2682,2107
2683,2108
2684,2109
2685,2104
2686,2109
2687,2108
2688,2107
2689,2111
2690,2105
2691,2110
2692,2111
2693,2109
2694,2108
2695,2108
2696,2106
2697,2106
2698,2106
2699,2111
2700,2107
2701,2122
2702,2110
2703,2111
2704,2107
2705,2107
2706,2109
2707,2109
2708,2110
2709,2109
2710,2108
2711,2108
2712,2116
2713,2110
2714,2109
2715,2131
2716,2108
2717,2095
2718,2106
2719,2108
2720,2108
2721,2110
2722,2107
2723,2105
2724,2108
2725,2110
2726,2109
2727,2107
2728,2107
2729,2108
2730,2104
2731,2109
2732,2127
2733,2112
2734,2108
2735,2109
2736,2122
2737,2108
2738,2106
2739,2110
2740,2109
2741,2107
2742,2108
2743,2110
2744,2105
2745,2108
2746,2104
2747,2110
2748,2106
2749,2107
2750,2111
2751,2106
2752,2104
2753,2119
2754,2110
2755,2108
2756,2109
2757,2109
2758,2114
2759,2106
2760,2107
2761,2108
2762,2108
2763,2108
2764,2109
2765,2116
2766,2108
2767,2107
2768,2105
2769,2107
2770,2104
2771,2105
2772,2114
2773,2108
2774,2108
2775,2112
2776,2108
2777,2109
2778,2109
2779,2111
2780,2108
2781,2108
2782,2110
2783,2110
2784,2105
2785,2107
2786,2112
2787,2112
2788,2103
2789,2089
2790,2105
2791,2106
2792,2107
2793,2109
2794,2108
2795,2109
2796,2110
2797,2100
2798,2109
2799,2110
2800,2108
2801,2099
2802,2105
2803,2108
2804,2110
2805,2108
2806,2109
2807,2111
2808,2109
2809,2127
2810,2110
2811,2108
2812,2110
2813,2109
2814,2108
2815,2106
2816,2109
2817,2106
2818,2098
2819,2108
2820,2107
2821,2105
2822,2108
2823,2116
2824,2107
2825,2106
2826,2115
2827,2110
2828,2108
2829,2112
2830,2106
2831,2108
2832,2108
2833,2109
2834,2109
2835,2100
2836,2108
2837,2112
2838,2108
2839,2108
2840,2114
2841,2126
2842,2101
2843,2107
2844,2108
2845,2109
2846,2108
2847,2109
2848,2110
2849,2107
2850,2105
2851,2109
2852,2111
2853,2109
2854,2126
2855,2111
2856,2108
2857,2105
2858,2108
2859,2105
2860,2105
2861,2109
2862,2098
2863,2108
2864,2109
2865,2110
2866,2110
2867,2108
2868,2108
2869,2110
2870,2106
2871,2100
2872,2108
2873,2108
2874,2111
2875,2113
2876,2110
2877,2100
2878,2106
2879,2105
2880,2109
2881,2109
2882,2105
2883,2105
2884,2110
2885,2109
2886,2108
2887,2108
2888,2105
2889,2109
2890,2108
2891,2110
2892,2107
2893,2104
2894,2106
2895,2087
2896,2109
2897,2106
2898,2112
2899,2109
2900,2108
2901,2110
2902,2108
2903,2109
2904,2107
2905,2109
2906,2096
2907,2108
2908,2108
2909,2110
2910,2109
2911,2111
2912,2112
2913,2104
2914,2108
2915,2100
2916,2108
2917,2113
2918,2110
2919,2107
2920,2106
2921,2106
2922,2106
2923,2112
2924,2122
2925,2109
2926,2106
2927,2111
2928,2109
2929,2109
2930,2107
2931,2110
2932,2109
2933,2110
2934,2108
2935,2110
2936,2108
2937,2107
2938,2112
2939,2110
2940,2106
2941,2107
2942,2108
2943,2107
2944,2108
2945,2109
2946,2109
2947,2115
2948,2115
2949,2109
2950,2114
2951,2108
2952,2108
2953,2108
2954,2101
2955,2106
2956,2108
2957,2108
2958,2108
2959,2098
2960,2109
2961,2105
2962,2105
2963,2108
2964,2105
2965,2105
2966,2110
2967,2108
2968,2113
2969,2108
2970,2108
2971,2108
2972,2110
2973,2108
2974,2108
2975,2108
2976,2109
2977,2109
2978,2110
2979,2110
2980,2106
2981,2106
2982,2105
2983,2105
2984,2103
2985,2105
2986,2107
2987,2108
2988,2108
2989,2110
2990,2106
2991,2108
2992,2108
2993,2115
2994,2106
2995,2105
2996,2108
2997,2106
2998,2099
2999,2104
3000,2108
3001,2114
3002,2108
3003,2108
3004,2118
3005,2107
3006,2109
3007,2110
3008,2109
3009,2108
3010,2108
3011,2109
3012,2114
3013,2106
3014,2108
3015,2109
3016,2112
3017,2110
3018,2129
3019,2110
3020,2108
3021,2112
3022,2108
3023,2108
3024,2095
3025,2108
3026,2105
3027,2110
3028,2106
3029,2114
3030,2104
3031,2109
3032,2107
3033,2107
3034,2108
3035,2107
3036,2107
3037,2110
3038,2108
3039,2108
3040,2108
3041,2107
3042,2109
3043,2114
3044,2107
3045,2108
3046,2109
3047,2110
3048,2107
3049,2108
3050,2108
3051,2104
3052,2108
3053,2108
3054,2104
3055,2109
3056,2136
3057,2109
3058,2110
3059,2108
3060,2107
3061,2110
3062,2107
3063,2104
3064,2108
3065,2106
3066,2104
3067,2107
3068,2114
3069,2111
3070,2108
3071,2110
3072,2106
3073,2110
3074,2109
3075,2106
3076,2109
3077,2112
3078,2108
3079,2108
3080,2112
3081,2105
3082,2108
3083,2108
3084,2107
3085,2107
3086,2111
3087,2108
3088,2108
3089,2136
3090,2108
3091,2109
3092,2108
3093,2097
3094,2113
3095,2107
3096,2109
3097,2104
3098,2107
3099,2108
3100,2106
3101,2106
3102,2107
3103,2109
3104,2110
3105,2113
3106,2108
3107,2108
3108,2108
3109,2119
3110,2109
3111,2094
3112,2110
3113,2106
3114,2109
3115,2110
3116,2108
3117,2111
3118,2099
3119,2106
3120,2108
3121,2104
3122,2109
3123,2101
3124,2108
3125,2107
3126,2109
3127,2109
3128,2104
3129,2104
3130,2110
3131,2127
3132,2124
3133,2109
3134,2108
3135,2109
3136,2110
3137,2108
3138,2108
3139,2123
3140,2103
3141,2122
3142,2125
3143,2108
3144,2108
3145,2110
3146,2103
3147,2106
3148,2109
3149,2112
3150,2106
3151,2108
3152,2110
3153,2101
3154,2106
3155,2108
3156,2108
3157,2107
3158,2108
3159,2107
3160,2105
3161,2108
3162,2101
3163,2110
3164,2105
3165,2106
3166,2108
3167,2106
3168,2109
3169,2110
3170,2104
3171,2104
3172,2105
3173,2107
3174,2112
3175,2110
3176,2110
3177,2117
3178,2108
3179,2108
3180,2109
3181,2110
3182,2110
3183,2110
3184,2107
3185,2119
3186,2108
3187,2111
3188,2107
3189,2109
3190,2108
3191,2108
3192,2110
3193,2107
3194,2104
3195,2131
3196,2108
3197,2108
3198,2108
3199,2110
3200,2105
3201,2112
3202,2106
3203,2108
3204,2108
3205,2108
3206,2124
3207,2108
3208,2108
3209,2108
3210,2107
3211,2105
3212,2100
3213,2110
3214,2109
3215,2099
3216,2107
3217,2109
3218,2108
3219,2110
3220,2108
3221,2109
3222,2107
3223,2110
3224,2111
3225,2102
3226,2107
3227,2098
3228,2107
3229,2108
3230,2108
3231,2108
3232,2115
3233,2111
3234,2109
3235,2109
3236,2109
3237,2110
3238,2109
3239,2111
3240,2108
3241,2108
3242,2108
3243,2111
3244,2108
3245,2106
3246,2105
3247,2109
3248,2106
3249,2108
3250,2109
3251,2111
3252,2105
3253,2104
3254,2111
3255,2108
3256,2103
3257,2108
3258,2110
3259,2105
3260,2105
3261,2110
3262,2106
3263,2104
3264,2103
3265,2106
3266,2107
3267,2106
3268,2111
3269,2111
3270,2139
3271,2092
3272,2104
3273,2108
3274,2107
3275,2109
3276,2107
3277,2110
3278,2110
3279,2103
3280,2111
3281,2114
3282,2113
3283,2108
3284,2112
3285,2108
3286,2106
3287,2109
3288,2108
3289,2105
3290,2107
3291,2111
3292,2110
3293,2109
3294,2107
3295,2109
3296,2114
3297,2108
3298,2111
3299,2111
3300,2103
3301,2109
3302,2109
3303,2111
3304,2110
3305,2107
3306,2108
3307,2107
3308,2110
3309,2105
3310,2102
3311,2109
3312,2113
3313,2107
3314,2109
3315,2107
3316,2105
3317,2124
3318,2107
3319,2103
3320,2103
3321,2114
3322,2109
3323,2104
3324,2102
3325,2110
3326,2104
3327,2108
3328,2107
3329,2110
3330,2105
3331,2108
3332,2107
3333,2110
3334,2110
3335,2106
3336,2170
3337,2110
3338,2095
3339,2105
3340,2107
3341,2113
3342,2102
3343,2105
3344,2111
3345,2109
3346,2105
3347,2111
3348,2107
3349,2104
3350,2105
3351,2111
3352,2116
3353,2095
3354,2104
3355,2109
3356,2100
3357,2111
3358,2110
3359,2105
3360,2104
3361,2109
3362,2105
3363,2108
3364,2109
3365,2116
3366,2105
3367,2106
3368,2107
3369,2107
3370,2116
3371,2112
3372,2107
3373,2109
3374,2106
3375,2105
3376,2107
3377,2108
3378,2109
3379,2110
3380,2103
3381,2111
3382,2108
3383,2103
3384,2106
3385,2111
3386,2106
3387,2106
3388,2113
3389,2083
3390,2110
3391,2110
3392,2108
3393,2106
3394,2108
3395,2105
3396,2106
3397,2110
3398,2108
3399,2105
3400,2112
3401,2106
3402,2105
3403,2106
3404,2109
3405,2110
3406,2108
3407,2104
3408,2110
3409,2123
3410,2112
3411,2108
3412,2110
3413,2105
3414,2105
3415,2110
3416,2110
3417,2105
3418,2104
3419,2104
3420,2107
3421,2110
3422,2107
3423,2134
3424,2108
3425,2111
3426,2107
3427,2108
3428,2110
3429,2105
3430,2106
3431,2111
3432,2100
3433,2109
3434,2108
3435,2111
3436,2109
3437,2110
3438,2111
3439,2110
3440,2100
3441,2117
3442,2172
3443,2106
3444,2106
3445,2112
3446,2108
3447,2107
3448,2110
3449,2105
3450,2111
3451,2099
3452,2108
3453,2118
3454,2108
3455,2108
3456,2106
3457,2106
3458,2107
3459,2104
3460,2108
3461,2113
3462,2100
3463,2107
3464,2111
3465,2111
3466,2108
3467,2106
3468,2115
3469,2107
3470,2104
3471,2104
3472,2108
3473,2104
3474,2102
3475,2107
3476,2099
3477,2108
3478,2110
3479,2112
3480,2111
3481,2109
3482,2112
3483,2108
3484,2105
3485,2108
3486,2107
3487,2088
3488,2111
3489,2105
3490,2104
3491,2109
3492,2109
3493,2104
3494,2108
3495,2110
3496,2107
3497,2107
3498,2111
3499,2108
3500,2106
3501,2108
3502,2114
3503,2111
3504,2105
3505,2108
3506,2123
3507,2107
3508,2112
3509,2106
3510,2105
3511,2107
3512,2096
3513,2109
3514,2109
3515,2104
3516,2106
3517,2108
3518,2109
3519,2106
3520,2110
3521,2110
3522,2121
3523,2104
3524,2113
3525,2105
3526,2106
3527,2108
3528,2112
3529,2110
3530,2106
3531,2104
3532,2109
3533,2107
3534,2108
3535,2109
3536,2108
3537,2105
3538,2106
3539,2108
3540,2110
3541,2105
3542,2104
3543,2108
3544,2106
3545,2105
3546,2110
3547,2117
3548,2059
3549,2099
3550,2113
3551,2110
3552,2104
3553,2109
3554,2108
3555,2108
3556,2107
3557,2108
3558,2107
3559,2108
3560,2107
3561,2108
3562,2109
3563,2109
3564,2111
3565,2107
3566,2110
3567,2107
3568,2111
3569,2110
3570,2108
3571,2108
3572,2108
3573,2109
3574,2107
3575,2109
3576,2105
3577,2110
3578,2108
3579,2102
3580,2103
3581,2108
3582,2108
3583,2110
3584,2108
3585,2110
3586,2106
3587,2106
3588,2108
3589,2107
3590,2107
3591,2110
3592,2108
3593,2107
3594,2108
3595,2107
3596,2110
3597,2105
3598,2104
3599,2111
3600,2108
3601,2109
3602,2108
3603,2118
3604,2109
3605,2108
3606,2105
3607,2111
3608,2108
3609,2105
3610,2108
3611,2111
3612,2113
3613,2107
3614,2109
3615,2108
3616,2107
3617,2126
3618,2098
3619,2108
3620,2107
3621,2114
3622,2113
3623,2108
3624,2107
3625,2108
3626,2108
3627,2109
3628,2109
3629,2110
3630,2107
3631,2108
3632,2108
3633,2107
3634,2105
3635,2112
3636,2172
3637,2111
3638,2111
3639,2107
3640,2107
3641,2106
3642,2107
3643,2108
3644,2107
3645,2108
3646,2106
3647,2111
3648,2109
3649,2105
3650,2104
3651,2110
3652,2107
3653,2118
3654,2105
3655,2108
3656,2109
3657,2108
3658,2106
3659,2110
3660,2106
3661,2110
3662,2108
3663,2108
3664,2107
3665,2108
3666,2107
3667,2112
3668,2108
3669,2103
3670,2109
3671,2112
3672,2111
3673,2110
3674,2108
3675,2109
3676,2108
3677,2108
3678,2110
3679,2108
3680,2108
3681,2110
3682,2108
3683,2108
3684,2105
3685,2106
3686,2108
3687,2147
3688,2108
3689,2133
3690,2113
3691,2106
3692,2108
3693,2110
3694,2109
3695,2104
3696,2106
3697,2110
3698,2108
3699,2107
3700,2107
3701,2107
3702,2105
3703,2107
3704,2105
3705,2109
3706,2105
3707,2106
3708,2105
3709,2106
3710,2106
3711,2108
3712,2107
3713,2109
3714,2108
3715,2107
3716,2110
3717,2110
3718,2105
3719,2108
3720,2108
3721,2110
3722,2109
3723,2094
3724,2111
3725,2106
3726,2106
3727,2107
3728,2108
3729,2108
3730,2109
3731,2108
3732,2108
3733,2120
3734,2112
3735,2105
3736,2108
3737,2105
3738,2107
3739,2108
3740,2107
3741,2110
3742,2108
3743,2109
3744,2108
3745,2111
3746,2110
3747,2109
3748,2102
3749,2109
3750,2110
3751,2109
3752,2109
3753,2145
3754,2107
3755,2105
3756,2108
3757,2113
3758,2111
3759,2108
3760,2107
3761,2121
3762,2103
3763,2105
3764,2111
3765,2108
3766,2107
3767,2110
3768,2110
3769,2107
3770,2108
3771,2104
3772,2107
3773,2105
3774,2104
3775,2117
3776,2096
3777,2115
3778,2107
3779,2108
3780,2114
3781,2112
3782,2112
3783,2108
3784,2108
3785,2108
3786,2107
3787,2112
3788,2111
3789,2110
3790,2109
3791,2115
3792,2108
3793,2109
3794,2110
3795,2109
3796,2111
3797,2109
3798,2112
3799,2110
3800,2103
3801,2107
3802,2108
3803,2097
3804,2109
3805,2109
3806,2112
3807,2110
3808,2107
3809,2105
3810,2109
3811,2108
3812,2108
3813,2110
3814,2111
3815,2104
3816,2103
3817,2107
3818,2120
3819,2105
3820,2106
3821,2108
3822,2106
3823,2108
3824,2109
3825,2110
3826,2093
3827,2109
3828,2110
3829,2111
3830,2108
3831,2112
3832,2105
3833,2099
3834,2114
3835,2107
3836,2108
3837,2109
3838,2108
3839,2108
3840,2108
3841,2108
3842,2107
3843,2107
3844,2111
3845,2109
3846,2109
3847,2111
3848,2110
3849,2110
3850,2110
3851,2110
3852,2037
3853,2108
3854,2110
3855,2106
3856,2108
3857,2105
3858,2110
3859,2114
3860,2108
3861,2107
3862,2108
3863,2112
3864,2108
3865,2104
3866,2109
3867,2112
3868,2112
3869,2102
3870,2110
3871,2110
3872,2106
3873,2111
3874,2107
3875,2105
3876,2105
3877,2106
3878,2108
3879,2110
3880,2106
3881,2106
3882,2107
3883,2108
3884,2111
3885,2107
3886,2110
3887,2112
3888,2110
3889,2104
3890,2108
3891,2106
3892,2107
3893,2109
3894,2107
3895,2107
3896,2108
3897,2109
3898,2107
3899,2113
3900,2108
3901,2110
3902,2110
3903,2085
3904,2113
3905,2140
3906,2105
3907,2111
3908,2111
3909,2110
3910,2106
3911,2108
3912,2102
3913,2105
3914,2108
3915,2108
3916,2106
3917,2106
3918,2107
3919,2112
3920,2109
3921,2113
3922,2110
3923,2111
3924,2109
3925,2105
3926,2108
3927,2106
3928,2101
3929,2105
3930,2105
3931,2109
3932,2111
3933,2110
3934,2109
3935,2106
3936,2107
3937,2103
3938,2108
3939,2116
3940,2103
3941,2095
3942,2107
3943,2107
3944,2111
3945,2109
3946,2108
3947,2106
3948,2108
3949,2109
3950,2110
3951,2108
3952,2105
3953,2109
3954,2120
3955,2108
3956,2108
3957,2124
3958,2144
3959,2107
3960,2109
3961,2108
3962,2106
3963,2109
3964,2110
3965,2117
3966,2108
3967,2110
3968,2111
3969,2104
3970,2105
3971,2110
3972,2108
3973,2108
3974,2108
3975,2109
3976,2106
3977,2110
3978,2109
3979,2108
3980,2108
3981,2108
3982,2106
3983,2116
3984,2109
3985,2106
3986,2110
3987,2110
3988,2109
3989,2106
3990,2114
3991,2107
3992,2106
3993,2114
3994,2110
3995,2102
3996,2105
3997,2105
3998,2109
3999,2107
4000,2105
4001,2111
4002,2108
4003,2108
4004,2107
4005,2110
4006,2109
4007,2108
4008,2110
4009,2107
4010,2106
4011,2112
4012,2109
4013,2109
4014,2107
4015,2107
4016,2108
4017,2111
4018,2103
4019,2112
4020,2106
4021,2109
4022,2107
4023,2106
4024,2106
4025,2105
4026,2108
4027,2108
4028,2112
4029,2109
4030,2106
4031,2110
4032,2106
4033,2105
4034,2108
4035,2112
4036,2105
4037,2104
4038,2114
4039,2108
4040,2108
4041,2108
4042,2109
4043,2107
4044,2111
4045,2111
4046,2106
4047,2108
4048,2108
4049,2106
4050,2100
4051,2109
4052,2110
4053,2124
4054,2108
4055,2108
4056,2105
4057,2109
4058,2110
4059,2108
4060,2107
4061,2108
4062,2111
4063,2100
4064,2108
4065,2111
4066,2107
4067,2107
4068,2105
4069,2109
4070,2110
4071,2120
4072,2105
4073,2110
4074,2107
4075,2108
4076,2108
4077,2109
4078,2112
4079,2103
4080,2109
4081,2112
4082,2106
4083,2106
4084,2110
4085,2110
4086,2107
4087,2108
4088,2109
4089,2108
4090,2107
4091,2109
4092,2108
4093,2112
4094,2109
4095,2112
4096,2115
4097,2109
4098,2114
4099,2105
4100,2112
4101,2108
4102,2106
4103,2107
4104,2070
4105,2096
4106,2116
4107,2112
4108,2109
4109,2106
4110,2108
4111,2110
4112,2109
4113,2106
4114,2111
4115,2112
4116,2104
4117,2105
4118,2109
4119,2108
4120,2109
4121,2106
4122,2108
4123,2106
4124,2106
4125,2105
4126,2109
4127,2110
4128,2106
4129,2108
4130,2109
4131,2106
4132,2105
4133,2110
4134,2111
4135,2108
4136,2104
4137,2110
4138,2119
4139,2105
4140,2107
4141,2107
4142,2109
4143,2106
4144,2108
4145,2109
4146,2108
4147,2110
4148,2110
4149,2110
4150,2110
4151,2108
4152,2085
4153,2113
4154,2110
4155,2107
4156,2107
4157,2106
4158,2108
4159,2122
4160,2105
4161,2109
4162,2105
4163,2107
4164,2110
4165,2108
4166,2110
4167,2106
4168,2111
4169,2115
4170,2103
4171,2108
4172,2108
4173,2105
4174,2094
4175,2110
4176,2101
4177,2103
4178,2108
4179,2109
4180,2110
4181,2106
4182,2104
4183,2108
4184,2107
4185,2108
4186,2111
4187,2108
4188,2104
4189,2100
4190,2109
4191,2107
4192,2105
4193,2108
4194,2108
4195,2106
4196,2106
4197,2108
4198,2111
4199,2107
4200,2104
4201,2112
4202,2114
4203,2072
4204,2102
4205,2101
4206,2107
4207,2107
4208,2107
4209,2106
4210,2107
4211,2103
4212,2098
4213,2108
4214,2108
4215,2109
4216,2108
4217,2109
4218,2107
4219,2109
4220,2111
4221,2111
4222,2103
4223,2107
4224,2108
4225,2109
4226,2103
4227,2110
4228,2103
4229,2107
4230,2105
4231,2109
4232,2107
4233,2108
4234,2107
4235,2106
4236,2108
4237,2105
4238,2115
4239,2104
4240,2109
4241,2110
4242,2107
4243,2095
4244,2115
4245,2105
4246,2104
4247,2107
4248,2105
4249,2108
4250,2108
4251,2108
4252,2101
4253,2108
4254,2111
4255,2105
4256,2100
4257,2111
4258,2163
4259,2106
4260,2106
4261,2110
4262,2108
4263,2105
4264,2106
4265,2097
4266,2106
4267,2108
4268,2111
4269,2108
4270,2108
4271,2105
4272,2104
4273,2109
4274,2110
4275,2112
4276,2112
4277,2103
4278,2108
4279,2106
4280,2108
4281,2108
4282,2104
4283,2108
4284,2108
4285,2108
4286,2107
4287,2111
4288,2116
4289,2108
4290,2103
4291,2116
4292,2110
4293,2101
4294,2109
4295,2108
4296,2108
4297,2107
4298,2109
4299,2108
4300,2109
4301,2102
4302,2107
4303,2112
4304,2111
4305,2107
4306,2108
4307,2114
4308,2110
4309,2092
4310,2108
4311,2137
4312,2110
4313,2099
4314,2106
4315,2109
4316,2117
4317,2108
4318,2113
4319,2107
4320,2108
4321,2108
4322,2110
4323,2105
4324,2108
4325,2112
4326,2110
4327,2106
4328,2102
4329,2112
4330,2102
4331,2112
4332,2109
4333,2108
4334,2110
4335,2114
4336,2107
4337,2108
4338,2105
4339,2116
4340,2108
4341,2108
4342,2100
4343,2111
4344,2113
4345,2112
4346,2111
4347,2108
4348,2108
4349,2108
4350,2106
4351,2108
4352,2109
4353,2032
4354,2105
4355,2110
4356,2109
4357,2109
4358,2113
4359,2108
4360,2108
4361,2105
4362,2117
4363,2106
4364,2106
4365,2110
4366,2107
4367,2106
4368,2103
4369,2107
4370,2108
4371,2109
4372,2107
4373,2105
4374,2110
4375,2108
4376,2108
4377,2108
4378,2107
4379,2110
4380,2104
4381,2105
4382,2124
4383,2111
4384,2108
4385,2110
4386,2104
4387,2105
4388,2106
4389,2106
4390,2108
4391,2108
4392,2107
4393,2108
4394,2109
4395,2110
4396,2111
4397,2104
4398,2104
4399,2104
4400,2104
4401,2105
4402,2108
4403,2109
4404,2105
4405,2110
4406,2111
4407,2108
4408,2108
4409,2108
4410,2106
4411,2106
4412,2108
4413,2115
4414,2112
4415,2110
4416,2109
4417,2114
4418,2109
4419,2107
4420,2107
4421,2105
4422,2108
4423,2109
4424,2107
4425,2107
4426,2100
4427,2110
4428,2108
4429,2110
4430,2111
4431,2109
4432,2110
4433,2108
4434,2108
4435,2099
4436,2108
4437,2109
4438,2105
4439,2122
4440,2108
4441,2108
4442,2106
4443,2110
4444,2108
4445,2109
4446,2106
4447,2108
4448,2108
4449,2110
4450,2107
4451,2108
4452,2107
4453,2113
4454,2108
4455,2109
4456,2108
4457,2108
4458,2108
4459,2117
4460,2110
4461,2106
4462,2108
4463,2106
4464,2114
4465,2111
4466,2113
4467,2109
4468,2104
4469,2107
4470,2106
4471,2110
4472,2108
4473,2102
4474,2111
4475,2107
4476,2108
4477,2106
4478,2106
4479,2106
4480,2100
4481,2110
4482,2109
4483,2100
4484,2109
4485,2109
4486,2110
4487,2110
4488,2103
4489,2107
4490,2110
4491,2108
4492,2106
4493,2110
4494,2108
4495,2106
4496,2108
4497,2109
4498,2108
4499,2111
4500,2104
4501,2109
4502,2110
4503,2166
4504,2107
4505,2107
4506,2109
4507,2108
4508,2107
4509,2112
4510,2106
4511,2108
4512,2098
4513,2110
4514,2108
4515,2105
4516,2100
4517,2091
4518,2101
4519,2109
4520,2110
4521,2092
4522,2106
4523,2108
4524,2107
4525,2110
4526,2110
4527,2108
4528,2107
4529,2109
4530,2105
4531,2109
4532,2107
4533,2115
4534,2113
4535,2111
4536,2072
4537,2108
4538,2110
4539,2108
4540,2108
4541,2110
4542,2108
4543,2110
4544,2107
4545,2108
4546,2109
4547,2109
4548,2108
4549,2109
4550,2106
4551,2104
4552,2109
4553,2110
4554,2104
4555,2109
4556,2100
4557,2109
4558,2107
4559,2107
4560,2110
4561,2108
4562,2106
4563,2106
4564,2110
4565,2100
4566,2110
4567,2108
4568,2108
4569,2116
4570,2107
4571,2111
4572,2107
4573,2109
4574,2110
4575,2109
4576,2108
4577,2109
4578,2110
4579,2110
4580,2102
4581,2107
4582,2106
4583,2106
4584,2108
4585,2107
4586,2111
4587,2109
4588,2110
4589,2085
4590,2126
4591,2103
4592,2114
4593,2107
4594,2108
4595,2107
4596,2107
4597,2110
4598,2108
4599,2107
4600,2109
4601,2105
4602,2108
4603,2108
4604,2110
4605,2112
4606,2105
4607,2111
4608,2109
4609,2100
4610,2108
4611,2110
4612,2108
4613,2108
4614,2108
4615,2109
4616,2110
4617,2106
4618,2114
4619,2107
4620,2105
4621,2100
4622,2106
4623,2088
4624,2108
4625,2111
4626,2106
4627,2113
4628,2109
4629,2108
4630,2108
4631,2110
4632,2105
4633,2110
4634,2104
4635,2107
4636,2105
4637,2109
4638,2107
4639,2105
4640,2111
4641,2102
4642,2070
4643,2108
4644,2106
4645,2110
4646,2107
4647,2112
4648,2109
4649,2108
4650,2105
4651,2108
4652,2109
4653,2140
4654,2108
4655,2106
4656,2107
4657,2110
4658,2109
4659,2111
4660,2123
4661,2117
4662,2118
4663,2108
4664,2111
4665,2108
4666,2107
4667,2109
4668,2108
4669,2108
4670,2108
4671,2112
4672,2110
4673,2107
4674,2109
4675,2113
4676,2108
4677,2118
4678,2108
4679,2108
4680,2107
4681,2108
4682,2111
4683,2107
4684,2109
4685,2110
4686,2109
4687,2109
4688,2108
4689,2106
4690,2110
4691,2111
4692,2110
4693,2104
4694,2110
4695,2106
4696,2108
4697,2110
4698,2105
4699,2106
4700,2108
4701,2105
4702,2111
4703,2109
4704,2108
4705,2108
4706,2106
4707,2106
4708,2108
4709,2107
4710,2106
4711,2105
4712,2106
4713,2110
4714,2108
4715,2117
4716,2108
4717,2106
4718,2106
4719,2109
4720,2108
4721,2109
4722,2108
4723,2108
4724,2101
4725,2107
4726,2109
4727,2112
4728,2120
4729,2113
4730,2102
4731,2112
4732,2102
4733,2107
4734,2105
4735,2110
4736,2108
4737,2107
4738,2110
4739,2107
4740,2106
4741,2105
4742,2108
4743,2110
4744,2104
4745,2107
4746,2106
4747,2100
4748,2107
4749,2108
4750,2108
4751,2108
4752,2109
4753,2110
4754,2110
4755,2108
4756,2103
4757,2108
4758,2107
4759,2107
4760,2108
4761,2103
4762,2108
4763,2108
4764,2104
4765,2107
4766,2110
4767,2108
4768,2102
4769,2111
4770,2115
4771,2105
4772,2108
4773,2108
4774,2109
4775,2104
4776,2111
4777,2106
4778,2110
4779,2108
4780,2111
4781,2101
4782,2110
4783,2116
4784,2109
4785,2110
4786,2112
4787,2104
4788,2107
4789,2107
4790,2106
4791,2108
4792,2109
4793,2113
4794,2097
4795,2110
4796,2108
4797,2109
4798,2108
4799,2105
4800,2108
4801,2113
4802,2110
4803,2146
4804,2105
4805,2110
4806,2105
4807,2109
4808,2102
4809,2108
4810,2109
4811,2107
4812,2100
4813,2110
4814,2107
4815,2105
4816,2103
4817,2080
4818,2110
4819,2108
4820,2110
4821,2097
4822,2111
4823,2102
4824,2106
4825,2108
4826,2105
4827,2106
4828,2109
4829,2110
4830,2107
4831,2105
4832,2106
4833,2102
4834,2110
4835,2108
4836,2043
4837,2108
4838,2111
4839,2106
4840,2106
4841,2108
4842,2107
4843,2111
4844,2107
4845,2108
4846,2108
4847,2108
4848,2107
4849,2107
4850,2107
4851,2114
4852,2120
4853,2110
4854,2109
4855,2110
4856,2109
4857,2110
4858,2106
4859,2109
4860,2106
4861,2108
4862,2104
4863,2108
4864,2108
4865,2100
4866,2105
4867,2113
4868,2062
4869,2113
4870,2102
4871,2108
4872,2109
4873,2108
4874,2110
4875,2107
4876,2107
4877,2108
4878,2105
4879,2108
4880,2107
4881,2108
4882,2112
4883,2107
4884,2107
4885,2107
4886,2109
4887,2111
4888,2105
4889,2078
4890,2110
4891,2107
4892,2106
4893,2108
4894,2108
4895,2113
4896,2117
4897,2107
4898,2108
4899,2107
4900,2106
4901,2107
4902,2108
4903,2111
4904,2110
4905,2105
4906,2104
4907,2105
4908,2108
4909,2114
4910,2108
4911,2105
4912,2107
4913,2108
4914,2108
4915,2108
4916,2108
4917,2107
4918,2110
4919,2109
4920,2105
4921,2108
4922,2107
4923,2132
4924,2108
4925,2110
4926,2105
4927,2111
4928,2108
4929,2108
4930,2109
4931,2112
4932,2108
4933,2107
4934,2107
4935,2107
4936,2109
4937,2107
4938,2111
4939,2105
4940,2112
4941,2114
4942,2114
4943,2107
4944,2110
4945,2109
4946,2108
4947,2109
4948,2107
4949,2108
4950,2109
4951,2107
4952,2110
4953,2104
4954,2108
4955,2108
4956,2106
4957,2112
4958,2108
4959,2112
4960,2112
4961,2109
4962,2119
4963,2109
4964,2106
4965,2110
4966,2108
4967,2108
4968,2108
4969,2110
4970,2107
4971,2110
4972,2110
4973,2106
4974,2110
4975,2103
4976,2111
4977,2104
4978,2107
4979,2105
4980,2107
4981,2108
4982,2111
4983,2110
4984,2124
4985,2106
4986,2105
4987,2108
4988,2109
4989,2109
4990,2109
4991,2109
4992,2108
4993,2110
4994,2112
4995,2132
4996,2110
4997,2110
4998,2108
4999,2109
5000,2108
5001,2108
5002,2106
5003,2108
5004,2107
5005,2109
5006,2108
5007,2127
5008,2120
5009,2107
5010,2108
5011,2110
5012,2120
5013,2098
5014,2106
5015,2114
5016,2109
5017,2111
5018,2108
5019,2108
5020,2108
5021,2107
5022,2110
5023,2108
5024,2120
5025,2108
5026,2108
5027,2103
5028,2106
5029,2108
5030,2109
5031,2110
5032,2108
5033,2108
5034,2109
5035,2108
5036,2113
5037,2108
5038,2111
5039,2115
5040,2111
5041,2106
5042,2107
5043,2105
5044,2109
5045,2108
5046,2106
5047,2102
5048,2104
5049,2108
5050,2108
5051,2109
5052,2108
5053,2108
5054,2113
5055,2109
5056,2105
5057,2108
5058,2108
5059,2112
5060,2107
5061,2108
5062,2106
5063,2107
5064,2115
5065,2106
5066,2105
5067,2108
5068,2105
5069,2110
5070,2102
5071,2108
5072,2107
5073,2106
5074,2108
5075,2108
5076,2107
5077,2102
5078,2108
5079,2108
5080,2112
5081,2111
5082,2111
5083,2111
5084,2109
5085,2111
5086,2109
5087,2107
5088,2109
5089,2109
5090,2110
5091,2104
5092,2106
5093,2106
5094,2106
5095,2106
5096,2108
5097,2106
5098,2108
5099,2109
5100,2104
5101,2113
5102,2108
5103,2071
5104,2112
5105,2104
5106,2111
5107,2110
5108,2108
5109,2110
5110,2108
5111,2106
5112,2102
5113,2102
5114,2109
5115,2106
5116,2108
5117,2138
5118,2104
5119,2110
5120,2109
5121,2108
5122,2109
5123,2119
5124,2101
5125,2108
5126,2103
5127,2108
5128,2106
5129,2108
5130,2108
5131,2109
5132,2106
5133,2103
5134,2110
5135,2109
5136,2061
5137,2108
5138,2104
5139,2110
5140,2109
5141,2108
5142,2107
5143,2108
5144,2107
5145,2104
5146,2132
5147,2107
5148,2106
5149,2109
5150,2108
5151,2108
5152,2102
5153,2110
5154,2110
5155,2109
5156,2110
5157,2110
5158,2108
5159,2107
5160,2106
5161,2108
5162,2108
5163,2107
5164,2106
5165,2105
5166,2109
5167,2105
5168,2114
5169,2109
5170,2108
5171,2110
5172,2111
5173,2104
5174,2112
5175,2108
5176,2109
5177,2109
5178,2105
5179,2108
5180,2107
5181,2110
5182,2103
5183,2105
5184,2108
5185,2107
5186,2112
5187,2108
5188,2105
5189,2113
5190,2107
5191,2111
5192,2111
5193,2106
5194,2110
5195,2106
5196,2105
5197,2108
5198,2106
5199,2105
5200,2105
5201,2108
5202,2107
5203,2105
5204,2110
5205,2104
5206,2109
5207,2103
5208,2108
5209,2105
5210,2110
5211,2106
5212,2105
5213,2109
5214,2104
5215,2124
5216,2108
5217,2108
5218,2105
5219,2110
5220,2105
5221,2104
5222,2107
5223,2086
5224,2108
5225,2109
5226,2111
5227,2112
5228,2107
5229,2108
5230,2106
5231,2105
5232,2108
5233,2108
5234,2109
5235,2108
5236,2107
5237,2109
5238,2106
5239,2110
5240,2105
5241,2116
5242,2160
5243,2110
5244,2108
5245,2106
5246,2120
5247,2113
5248,2109
5249,2107
5250,2107
5251,2108
5252,2109
5253,2090
5254,2106
5255,2107
5256,2112
5257,2106
5258,2112
5259,2111
5260,2111
5261,2107
5262,2110
5263,2109
5264,2109
5265,2106
5266,2108
5267,2107
5268,2108
5269,2110
5270,2106
5271,2108
5272,2108
5273,2107
5274,2114
5275,2108
5276,2109
5277,2120
5278,2112
5279,2108
5280,2106
5281,2108
5282,2109
5283,2108
5284,2106
5285,2108
5286,2100
5287,2110
5288,2107
5289,2110
5290,2108
5291,2111
5292,2118
5293,2105
5294,2105
5295,2132
5296,2107
5297,2109
5298,2108
5299,2110
5300,2108
5301,2105
5302,2101
5303,2106
5304,2107
5305,2110
5306,2106
5307,2112
5308,2109
5309,2107
5310,2106
5311,2110
5312,2103
5313,2110
5314,2106
5315,2103
5316,2108
5317,2111
5318,2109
5319,2108
5320,2108
5321,2113
5322,2106
5323,2109
5324,2105
5325,2107
5326,2106
5327,2110
5328,2111
5329,2110
5330,2106
5331,2108
5332,2109
5333,2108
5334,2108
5335,2109
5336,2110
5337,2105
5338,2108
5339,2108
5340,2106
5341,2108
5342,2108
5343,2110
5344,2108
5345,2108
5346,2103
5347,2108
5348,2104
5349,2109
5350,2109
5351,2106
5352,2108
5353,2112
5354,2079
5355,2116
5356,2106
5357,2108
5358,2106
5359,2107
5360,2109
5361,2109
5362,2108
5363,2108
5364,2113
5365,2109
5366,2108
5367,2110
5368,2109
5369,2109
5370,2107
5371,2104
5372,2112
5373,2106
5374,2105
5375,2116
5376,2109
5377,2110
5378,2110
5379,2106
5380,2109
5381,2108
5382,2108
5383,2109
5384,2108
5385,2110
5386,2108
5387,2108
5388,2104
5389,2108
5390,2110
5391,2108
5392,2108
5393,2107
5394,2108
5395,2108
5396,2107
5397,2114
5398,2103
5399,2108
5400,2101
5401,2105
5402,2110
5403,2121
5404,2110
5405,2108
5406,2107
5407,2112
5408,2110
5409,2105
5410,2104
5411,2108
5412,2108
5413,2108
5414,2109
5415,2108
5416,2106
5417,2094
5418,2114
5419,2108
5420,2110
5421,2110
5422,2107
5423,2165
5424,2104
5425,2108
5426,2102
5427,2105
5428,2104
5429,2106
5430,2105
5431,2122
5432,2111
5433,2103
5434,2105
5435,2114
5436,2122
5437,2108
5438,2110
5439,2109
5440,2108
5441,2109
5442,2109
5443,2108
5444,2108
5445,2108
5446,2109
5447,2108
5448,2106
5449,2108
5450,2107
5451,2105
5452,2110
5453,2104
5454,2110
5455,2108
5456,2114
5457,2108
5458,2110
5459,2108
5460,2106
5461,2109
5462,2107
5463,2121
5464,2111
5465,2114
5466,2104
5467,2108
5468,2106
5469,2111
5470,2094
5471,2109
5472,2110
5473,2116
5474,2111
5475,2109
5476,2107
5477,2108
5478,2105
5479,2105
5480,2109
5481,2107
5482,2107
5483,2108
5484,2108
5485,2109
5486,2112
5487,2105
5488,2108
5489,2107
5490,2110
5491,2111
5492,2111
5493,2122
5494,2105
5495,2108
5496,2105
5497,2108
5498,2108
5499,2110
5500,2108
5501,2107
5502,2106
5503,2108
5504,2109
5505,2110
5506,2115
5507,2103
5508,2115
5509,2117
5510,2105
5511,2106
5512,2108
5513,2109
5514,2106
5515,2107
5516,2107
5517,2105
5518,2106
5519,2105
5520,2104
5521,2105
5522,2112
5523,2091
5524,2108
5525,2109
5526,2112
5527,2112
5528,2110
5529,2106
5530,2108
5531,2108
5532,2103
5533,2111
5534,2104
5535,2109
5536,2106
5537,2097
5538,2108
5539,2104
5540,2106
5541,2100
5542,2122
5543,2108
5544,2109
5545,2108
5546,2108
5547,2105
5548,2108
5549,2108
5550,2108
5551,2105
5552,2108
5553,2107
5554,2111
5555,2108
5556,2109
5557,2109
5558,2109
5559,2110
5560,2105
5561,2109
5562,2115
5563,2111
5564,2105
5565,2108
5566,2128
5567,2108
5568,2107
5569,2110
5570,2108
5571,2105
5572,2108
5573,2110
5574,2109
5575,2107
5576,2104
5577,2100
5578,2112
5579,2108
5580,2110
5581,2108
5582,2106
5583,2106
5584,2107
5585,2108
5586,2106
5587,2108
5588,2110
5589,2104
5590,2106
5591,2104
5592,2110
5593,2112
5594,2114
5595,2124
5596,2107
5597,2108
5598,2109
5599,2112
5600,2105
5601,2109
5602,2107
5603,2109
5604,2102
5605,2106
5606,2091
5607,2104
5608,2109
5609,2108
5610,2113
5611,2108
5612,2105
5613,2108
5614,2111
5615,2108
5616,2108
5617,2110
5618,2117
5619,2106
5620,2110
5621,2106
5622,2104
5623,2102
5624,2109
5625,2104
5626,2108
5627,2108
5628,2108
5629,2111
5630,2106
5631,2084
5632,2101
5633,2110
5634,2108
5635,2108
5636,2104
5637,2105
5638,2109
5639,2110
5640,2107
5641,2107
5642,2107
5643,2106
5644,2105
5645,2107
5646,2105
5647,2105
5648,2104
5649,2111
5650,2105
5651,2109
5652,2108
5653,2109
5654,2112
5655,2107
5656,2111
5657,2109
5658,2107
5659,2090
5660,2111
5661,2108
5662,2109
5663,2108
5664,2111
5665,2105
5666,2108
5667,2107
5668,2113
5669,2111
5670,2103
5671,2111
5672,2109
5673,2106
5674,2109
5675,2106
5676,2106
5677,2111
5678,2120
5679,2105
5680,2103
5681,2104
5682,2108
5683,2105
5684,2111
5685,2105
5686,2108
5687,2106
5688,2109
5689,2109
5690,2109
5691,2108
5692,2108
5693,2106
5694,2111
5695,2110
5696,2110
5697,2106
5698,2096
5699,2105
5700,2000
5701,2120
5702,2113
5703,2120
5704,2110
5705,2108
5706,2108
5707,2107
5708,2108
5709,2121
5710,2108
5711,2102
5712,2116
5713,2106
5714,2107
5715,2106
5716,2106
5717,2122
5718,2103
5719,2100
5720,2116
5721,2111
5722,2110
5723,2105
5724,2108
5725,2108
5726,2107
5727,2107
5728,2108
5729,2098
5730,2108
5731,2104
5732,2109
5733,2105
5734,2108
5735,2111
5736,2060
5737,2108
5738,2111
5739,2107
5740,2109
5741,2110
5742,2115
5743,2107
5744,2108
5745,2108
5746,2110
5747,2106
5748,2104
5749,2109
5750,2106
5751,2106
5752,2108
5753,2112
5754,2112
5755,2110
5756,2124
5757,2106
5758,2109
5759,2108
5760,2109
5761,2108
5762,2109
5763,2108
5764,2108
5765,2116
5766,2105
5767,2108
5768,2108
5769,2111
5770,2078
5771,2103
5772,2110
5773,2110
5774,2107
5775,2109
5776,2102
5777,2107
5778,2109
5779,2108
5780,2111
5781,2104
5782,2108
5783,2107
5784,2107
5785,2108
5786,2108
5787,2111
5788,2103
5789,2102
5790,2112
5791,2109
5792,2108
5793,2110
5794,2106
5795,2108
5796,2109
5797,2106
5798,2110
5799,2108
5800,2108
5801,2107
5802,2105
5803,2106
5804,2110
5805,2108
5806,2107
5807,2105
5808,2111
5809,2126
5810,2109
5811,2113
5812,2110
5813,2111
5814,2105
5815,2105
5816,2106
5817,2108
5818,2104
5819,2106
5820,2105
5821,2103
5822,2104
5823,2107
5824,2116
5825,2110
5826,2110
5827,2109
5828,2109
5829,2108
5830,2104
5831,2110
5832,2105
5833,2106
5834,2108
5835,2104
5836,2108
5837,2105
5838,2109
5839,2107
5840,2103
5841,2118
5842,2113
5843,2101
5844,2110
5845,2112
5846,2110
5847,2107
5848,2105
5849,2104
5850,2105
5851,2107
5852,2104
5853,2127
5854,2108
5855,2105
5856,2108
5857,2103
5858,2108
5859,2108
5860,2110
5861,2107
5862,2098
5863,2113
5864,2109
5865,2111
5866,2107
5867,2104
5868,2106
5869,2112
5870,2109
5871,2098
5872,2108
5873,2109
5874,2107
5875,2107
5876,2110
5877,2110
5878,2103
5879,2107
5880,2108
5881,2108
5882,2110
5883,2106
5884,2107
5885,2111
5886,2106
5887,2108
5888,2107
5889,2107
5890,2115
5891,2106
5892,2109
5893,2107
5894,2103
5895,2090
5896,2110
5897,2106
5898,2109
5899,2110
5900,2108
5901,2109
5902,2111
5903,2097
5904,2105
5905,2106
5906,2105
5907,2111
5908,2094
5909,2102
5910,2104
5911,2106
5912,2112
5913,2109
5914,2110
5915,2106
5916,2108
5917,2108
5918,2108
5919,2109
5920,2098
5921,2108
5922,2107
5923,2107
5924,2109
5925,2103
5926,2111
5927,2106
5928,2104
5929,2111
5930,2105
5931,2109
5932,2110
5933,2111
5934,2108
5935,2118
5936,2108
5937,2110
5938,2106
5939,2107
5940,2104
5941,2107
5942,2107
5943,2106
5944,2107
5945,2106
5946,2106
5947,2114
5948,2105
5949,2104
5950,2108
5951,2111
5952,2108
5953,2108
5954,2107
5955,2107
5956,2106
5957,2106
5958,2107
5959,2098
5960,2108
5961,2100
5962,2110
5963,2107
5964,2121
5965,2105
5966,2109
5967,2108
5968,2113
5969,2109
5970,2110
5971,2109
5972,2109
5973,2110
5974,2104
5975,2108
5976,2107
5977,2095
5978,2101
5979,2107
5980,2116
5981,2107
5982,2113
5983,2105
5984,2110
5985,2108
5986,2109
5987,2109
5988,2109
5989,2110
5990,2109
5991,2109
5992,2104
5993,2106
5994,2104
5995,2105
5996,2108
5997,2110
5998,2085
5999,2109

