Seconds, Torque
0,2101
1,2095
2,2100
3,2098
4,2098
5,2095
6,2094
7,2094
8,2099
9,2117
10,2088
11,2103
12,2106
13,2105
14,2103
15,2103
16,2103
17,2096
18,2102
19,2076
20,2096
21,2100
22,2101
23,2100
24,2100
25,2103
26,2105
27,2108
28,2116
29,2108
30,2107
31,2110
32,2107
33,2105
34,2105
35,2104
36,2104
37,2101
38,2102
39,2104
40,2102
41,2098
42,2104
43,2123
44,2105
45,2104
46,2111
47,2105
48,2108
49,2107
50,2108
51,2108
52,2105
53,2105
54,2103
55,2104
56,2104
57,2104
58,2110
59,2105
60,2109
61,2100
62,2052
63,2108
64,2110
65,2109
66,2108
67,2108
68,2110
69,2106
70,2105
71,2105
72,2112
73,2100
74,2107
75,2103
76,2104
77,2104
78,2106
79,2105
80,2106
81,2116
82,2107
83,2110
84,2110
85,2104
86,2104
87,2105
88,2105
89,2100
90,2101
91,2104
92,2104
93,2100
94,2108
95,2105
96,2084
97,2107
98,2106
99,2111
100,2107
101,2109
102,2112
103,2108
104,2108
105,2108
106,2105
107,2103
108,2103
109,2106
110,2104
111,2104
112,2103
113,2104
114,2109
115,2091
116,2103
117,2112
118,2109
119,2109
120,2109
121,2109
122,2108
123,2107
124,2108
125,2119
126,2103
127,2105
128,2104
129,2105
130,2108
131,2104
132,2117
133,2107
134,2107
135,2106
136,2112
137,2110
138,2111
139,2110
140,2103
141,2104
142,2104
143,2104
144,2102
145,2101
146,2103
147,2109
148,2107
149,2104
150,2095
151,2108
152,2108
153,2112
154,2110
155,2112
156,2109
157,2107
158,2110
159,2106
160,2109
161,2100
162,2102
163,2101
164,2105
165,2104
166,2108
167,2106
168,2113
169,2106
170,2109
171,2112
172,2111
173,2112
174,2110
175,2117
176,2105
177,2103
178,2095
179,2105
180,2105
181,2104
182,2105
183,2106
184,2102
185,2108
186,2110
187,2109
188,2111
189,2111
190,2110
191,2105
192,2116
193,2108
194,2101
195,2105
196,2106
197,2107
198,2102
199,2103
200,2122
201,2113
202,2103
203,2103
204,2112
205,2108
206,2108
207,2115
208,2109
209,2110
210,2108
211,2103
212,2106
213,2103
214,2105
215,2100
216,2105
217,2108
218,2106
219,2111
220,2107
221,2105
222,2108
223,2113
224,2112
225,2110
226,2118
227,2110
228,2109
229,2107
230,2107
231,2097
232,2102
233,2104
234,2105
235,2102
236,2100
237,2087
238,2110
239,2107
240,2111
241,2106
242,2110
243,2108
244,2111
245,2104
246,2105
247,2105
248,2104
249,2107
250,2108
251,2100
252,2100
253,2114
254,2106
255,2104
256,2145
257,2112
258,2111
259,2110
260,2113
261,2112
262,2107
263,2106
264,2108
265,2104
266,2104
267,2101
268,2102
269,2103
270,2106
271,2108
272,2107
273,2106
274,2110
275,2103
276,2110
277,2112
278,2109
279,2112
280,2111
281,2110
282,2104
283,2104
284,2108
285,2100
286,2107
287,2107
288,2110
289,2100
290,2104
291,2108
292,2110
293,2108
294,2109
295,2112
296,2113
297,2113
298,2111
299,2108
300,2106
301,2102
302,2104
303,2104
304,2105
305,2101
306,2108
307,2107
308,2105
309,2138
310,2112
311,2112
312,2110
313,2114
314,2110
315,2106
316,2111
317,2108
318,2106
319,2101
320,2107
321,2108
322,2104
323,2105
324,2106
325,2107
326,2102
327,2112
328,2114
329,2110
330,2112
331,2110
332,2112
333,2118
334,2109
335,2103
336,2106
337,2103
338,2101
339,2105
340,2114
341,2104
342,2105
343,2127
344,2109
345,2108
346,2112
347,2112
348,2110
349,2108
350,2111
351,2110
352,2098
353,2101
354,2110
355,2103
356,2102
357,2101
358,2104
359,2105
360,2106
361,2105
362,2108
363,2112
364,2111
365,2108
366,2108
367,2111
368,2104
369,2112
370,2111
371,2102
372,2098
373,2105
374,2104
375,2100
376,2105
377,2109
378,2110
379,2104
380,2109
381,2106
382,2111
383,2110
384,2110
385,2110
386,2107
387,2106
388,2105
389,2104
390,2101
391,2104
392,2101
393,2114
394,2104
395,2103
396,2110
397,2109
398,2107
399,2111
400,2114
401,2105
402,2109
403,2110
404,2110
405,2103
406,2104
407,2109
408,2112
409,2100
410,2106
411,2106
412,2110
413,2102
414,2105
415,2083
416,2150
417,2109
418,2110
419,2110
420,2111
421,2106
422,2099
423,2105
424,2108
425,2107
426,2105
427,2105
428,2100
429,2103
430,2108
431,2106
432,2096
433,2116
434,2111
435,2108
436,2112
437,2110
438,2112
439,2104
440,2110
441,2108
442,2106
443,2103
444,2102
445,2102
446,2112
447,2109
448,2107
449,2102
450,2107
451,2110
452,2107
453,2113
454,2112
455,2108
456,2114
457,2110
458,2105
459,2103
460,2105
461,2101
462,2103
463,2102
464,2104
465,2102
466,2102
467,2122
468,2106
469,2120
470,2112
471,2109
472,2111
473,2110
474,2108
475,2105
476,2104
477,2105
478,2093
479,2103
480,2103
481,2103
482,2105
483,2107
484,2100
485,2106
486,2110
487,2112
488,2109
489,2106
490,2111
491,2103
492,2109
493,2110
494,2104
495,2104
496,2103
497,2104
498,2103
499,2110
500,2106
501,2108
502,2111
503,2107
504,2112
505,2109
506,2112
507,2110
508,2112
509,2108
510,2104
511,2104
512,2108
513,2104
514,2109
515,2104
516,2107
517,2104
518,2105
519,2111
520,2105
521,2113
522,2112
523,2113
524,2114
525,2110
526,2110
527,2110
528,2105
529,2105
530,2106
531,2100
532,2105
533,2102
534,2103
535,2098
536,2102
537,2080
538,2104
539,2106
540,2107
541,2110
542,2101
543,2110
544,2109
545,2108
546,2109
547,2097
548,2113
549,2105
550,2108
551,2102
552,2106
553,2111
554,2105
555,2109
556,2140
557,2108
558,2111
559,2110
560,2110
561,2111
562,2113
563,2103
564,2106
565,2104
566,2072
567,2103
568,2102
569,2102
570,2103
571,2105
572,2103
573,2113
574,2114
575,2113
576,2113
577,2110
578,2112
579,2110
580,2110
581,2112
582,2107
583,2104
584,2102
585,2102
586,2106
587,2103
588,2104
589,2100
590,2102
591,2106
592,2113
593,2105
594,2109
595,2112
596,2110
597,2108
598,2107
599,2108
600,2105
601,2100
602,2108
603,2104
604,2104
605,2101
606,2105
607,2108
608,2110
609,2106
610,2111
611,2108
612,2111
613,2112
614,2110
615,2106
616,2108
617,2104
618,2107
619,2100
620,2104
621,2104
622,2105
623,2102
624,2102
625,2107
626,2106
627,2113
628,2104
629,2116
630,2110
631,2108
632,2110
633,2109
634,2110
635,2112
636,2105
637,2102
638,2104
639,2103
640,2105
641,2105
642,2104
643,2132
644,2112
645,2105
646,2112
647,2113
648,2108
649,2110
650,2109
651,2119
652,2108
653,2105
654,2102
655,2108
656,2105
657,2102
658,2104
659,2108
660,2098
661,2100
662,2063
663,2110
664,2110
665,2109
666,2112
667,2110
668,2108
669,2108
670,2107
671,2100
672,2104
673,2104
674,2105
675,2105
676,2112
677,2105
678,2106
679,2113
680,2101
681,2108
682,2113
683,2110
684,2111
685,2108
686,2109
687,2109
688,2104
689,2103
690,2109
691,2109
692,2104
693,2105
694,2111
695,2107
696,2109
697,2104
698,2110
699,2116
700,2112
701,2109
702,2107
703,2110
704,2108
705,2109
706,2110
707,2108
708,2104
709,2103
710,2103
711,2107
712,2109
713,2104
714,2104
715,2098
716,2149
717,2110
718,2114
719,2114
720,2120
721,2108
722,2108
723,2107
724,2105
725,2110
726,2103
727,2103
728,2103
729,2104
730,2107
731,2103
732,2120
733,2110
734,2114
735,2109
736,2109
737,2110
738,2110
739,2112
740,2106
741,2104
742,2107
743,2098
744,2101
745,2108
746,2104
747,2116
748,2112
749,2110
750,2105
751,2108
752,2109
753,2114
754,2112
755,2110
756,2110
757,2107
758,2107
759,2102
760,2107
761,2102
762,2103
763,2105
764,2104
765,2102
766,2105
767,2120
768,2109
769,2102
770,2106
771,2111
772,2110
773,2110
774,2107
775,2110
776,2109
777,2104
778,2100
779,2106
780,2104
781,2101
782,2106
783,2108
784,2103
785,2100
786,2105
787,2112
788,2110
789,2113
790,2111
791,2108
792,2109
793,2108
794,2104
795,2103
796,2102
797,2104
798,2104
799,2098
800,2111
801,2109
802,2112
803,2108
804,2108
805,2111
806,2111
807,2111
808,2106
809,2112
810,2106
811,2104
812,2103
813,2103
814,2110
815,2098
816,2105
817,2104
818,2109
819,2106
820,2105
821,2115
822,2126
823,2110
824,2112
825,2108
826,2111
827,2107
828,2106
829,2107
830,2104
831,2106
832,2106
833,2104
834,2103
835,2107
836,2109
837,2083
838,2104
839,2097
840,2110
841,2108
842,2110
843,2113
844,2112
845,2106
846,2108
847,2106
848,2104
849,2102
850,2104
851,2102
852,2101
853,2108
854,2114
855,2107
856,2073
857,2107
858,2111
859,2111
860,2109
861,2111
862,2111
863,2110
864,2104
865,2106
866,2090
867,2105
868,2105
869,2102
870,2103
871,2104
872,2111
873,2097
874,2107
875,2118
876,2110
877,2110
878,2110
879,2109
880,2110
881,2117
882,2104
883,2102
884,2099
885,2102
886,2104
887,2103
888,2108
889,2102
890,2104
891,2108
892,2111
893,2105
894,2112
895,2108
896,2112
897,2109
898,2110
899,2108
900,2105
901,2104
902,2104
903,2105
904,2106
905,2102
906,2114
907,2105
908,2126
909,2073
910,2108
911,2110
912,2108
913,2112
914,2111
915,2110
916,2108
917,2103
918,2105
919,2093
920,2099
921,2102
922,2103
923,2100
924,2105
925,2108
926,2105
927,2100
928,2103
929,2111
930,2113
931,2096
932,2112
933,2108
934,2109
935,2094
936,2100
937,2100
938,2104
939,2103
940,2109
941,2100
942,2104
943,2125
944,2104
945,2111
946,2111
947,2113
948,2112
949,2113
950,2112
951,2110
952,2108
953,2108
954,2106
955,2106
956,2104
957,2104
958,2103
959,2105
960,2101
961,2098
962,2097
963,2109
964,2112
965,2115
966,2110
967,2113
968,2107
969,2108
970,2108
971,2108
972,2087
973,2105
974,2102
975,2109
976,2108
977,2110
978,2106
979,2106
980,2115
981,2105
982,2111
983,2110
984,2113
985,2110
986,2102
987,2109
988,2101
989,2106
990,2110
991,2104
992,2104
993,2106
994,2112
995,2105
996,2104
997,2111
998,2107
999,2113
1000,2088
1001,2104
1002,2110
1003,2107
1004,2106
1005,2108
1006,2106
1007,2105
1008,2103
1009,2104
1010,2102
1011,2102
1012,2106
1013,2105
1014,2110
1015,2110
1016,2036
1017,2110
1018,2110
1019,2109
1020,2111
1021,2104
1022,2103
1023,2106
1024,2105
1025,2093
1026,2097
1027,2105
1028,2104
1029,2102
1030,2109
1031,2111
1032,2108
1033,2107
1034,2115
1035,2112
1036,2113
1037,2112
1038,2111
1039,2113
1040,2104
1041,2104
1042,2105
1043,2109
1044,2105
1045,2105
1046,2107
1047,2109
1048,2107
1049,2111
1050,2111
1051,2108
1052,2108
1053,2114
1054,2121
1055,2108
1056,2111
1057,2107
1058,2108
1059,2108
1060,2103
1061,2102
1062,2102
1063,2103
1064,2104
1065,2106
1066,2110
1067,2108
1068,2105
1069,2094
1070,2108
1071,2104
1072,2110
1073,2112
1074,2111
1075,2106
1076,2105
1077,2103
1078,2119
1079,2092
1080,2106
1081,2100
1082,2103
1083,2108
1084,2107
1085,2108
1086,2108
1087,2110
1088,2111
1089,2117
1090,2109
1091,2112
1092,2109
1093,2109
1094,2107
1095,2104
1096,2106
1097,2102
1098,2105
1099,2109
1100,2108
1101,2105
1102,2114
1103,2112
1104,2111
1105,2107
1106,2112
1107,2123
1108,2110
1109,2106
1110,2110
1111,2107
1112,2102
1113,2103
1114,2106
1115,2101
1116,2105
1117,2103
1118,2104
1119,2104
1120,2108
1121,2106
1122,2122
1123,2111
1124,2108
1125,2110
1126,2112
1127,2111
1128,2107
1129,2108
1130,2107
1131,2109
1132,2102
1133,2103
1134,2105
1135,2102
1136,2105
1137,2120
1138,2108
1139,2110
1140,2114
1141,2112
1142,2110
1143,2109
1144,2111
1145,2105
1146,2105
1147,2108
1148,2101
1149,2102
1150,2102
1151,2103
1152,2106
1153,2105
1154,2105
1155,2112
1156,2044
1157,2106
1158,2117
1159,2112
1160,2114
1161,2111
1162,2111
1163,2107
1164,2104
1165,2102
1166,2111
1167,2108
1168,2102
1169,2102
1170,2106
1171,2104
1172,2110
1173,2110
1174,2113
1175,2121
1176,2109
1177,2112
1178,2112
1179,2111
1180,2111
1181,2108
1182,2109
1183,2103
1184,2108
1185,2104
1186,2106
1187,2105
1188,2104
1189,2105
1190,2105
1191,2113
1192,2113
1193,2110
1194,2114
1195,2110
1196,2110
1197,2110
1198,2109
1199,2104
1200,2106
1201,2102
1202,2108
1203,2105
1204,2105
1205,2103
1206,2108
1207,2115
1208,2095
1209,2080
1210,2112
1211,2112
1212,2109
1213,2114
1214,2108
1215,2108
1216,2108
1217,2107
1218,2106
1219,2134
1220,2103
1221,2102
1222,2103
1223,2105
1224,2110
1225,2106
1226,2103
1227,2095
1228,2099
1229,2100
1230,2112
1231,2115
1232,2110
1233,2109
1234,2109
1235,2107
1236,2105
1237,2101
1238,2104
1239,2107
1240,2109
1241,2109
1242,2110
1243,2093
1244,2108
1245,2113
1246,2113
1247,2107
1248,2108
1249,2111
1250,2110
1251,2108
1252,2106
1253,2106
1254,2107
1255,2104
1256,2105
1257,2105
1258,2107
1259,2099
1260,2104
1261,2103
1262,2068
1263,2108
1264,2112
1265,2112
1266,2112
1267,2112
1268,2105
1269,2108
1270,2105
1271,2103
1272,2086
1273,2102
1274,2104
1275,2104
1276,2108
1277,2108
1278,2105
1279,2110
1280,2113
1281,2102
1282,2112
1283,2110
1284,2111
1285,2109
1286,2110
1287,2105
1288,2105
1289,2104
1290,2104
1291,2105
1292,2103
1293,2105
1294,2112
1295,2079
1296,2103
1297,2106
1298,2109
1299,2110
1300,2111
1301,2108
1302,2108
1303,2107
1304,2110
1305,2104
1306,2103
1307,2104
1308,2106
1309,2107
1310,2105
1311,2104
1312,2105
1313,2104
1314,2111
1315,2134
1316,2060
1317,2113
1318,2112
1319,2109
1320,2111
1321,2124
1322,2110
1323,2110
1324,2106
1325,2089
1326,2108
1327,2104
1328,2106
1329,2105
1330,2103
1331,2105
1332,2109
1333,2104
1334,2112
1335,2111
1336,2110
1337,2111
1338,2106
1339,2108
1340,2106
1341,2106
1342,2106
1343,2105
1344,2105
1345,2097
1346,2106
1347,2107
1348,2105
1349,2107
1350,2106
1351,2110
1352,2110
1353,2111
1354,2111
1355,2110
1356,2106
1357,2103
1358,2104
1359,2106
1360,2103
1361,2110
1362,2103
1363,2103
1364,2104
1365,2101
1366,2104
1367,2111
1368,2104
1369,2102
1370,2110
1371,2104
1372,2108
1373,2110
1374,2111
1375,2110
1376,2103
1377,2103
1378,2113
1379,2103
1380,2104
1381,2101
1382,2105
1383,2109
1384,2104
1385,2104
1386,2107
1387,2110
1388,2108
1389,2112
1390,2110
1391,2105
1392,2110
1393,2107
1394,2105
1395,2107
1396,2106
1397,2105
1398,2102
1399,2103
1400,2109
1401,2105
1402,2110
1403,2107
1404,2108
1405,2120
1406,2113
1407,2110
1408,2110
1409,2110
1410,2109
1411,2108
1412,2106
1413,2102
1414,2104
1415,2104
1416,2101
1417,2122
1418,2111
1419,2107
1420,2099
1421,2111
1422,2113
1423,2109
1424,2108
1425,2110
1426,2111
1427,2108
1428,2110
1429,2111
1430,2105
1431,2116
1432,2103
1433,2103
1434,2106
1435,2104
1436,2102
1437,2104
1438,2118
1439,2110
1440,2110
1441,2109
1442,2106
1443,2108
1444,2102
1445,2108
1446,2108
1447,2106
1448,2101
1449,2106
1450,2102
1451,2102
1452,2104
1453,2103
1454,2109
1455,2110
1456,2070
1457,2102
1458,2105
1459,2109
1460,2110
1461,2107
1462,2103
1463,2105
1464,2108
1465,2104
1466,2096
1467,2107
1468,2106
1469,2099
1470,2102
1471,2103
1472,2116
1473,2110
1474,2101
1475,2120
1476,2113
1477,2111
1478,2112
1479,2110
1480,2109
1481,2106
1482,2105
1483,2106
1484,2101
1485,2106
1486,2080
1487,2103
1488,2105
1489,2105
1490,2108
1491,2112
1492,2111
1493,2109
1494,2110
1495,2110
1496,2110
1497,2110
1498,2111
1499,2104
1500,2108
1501,2105
1502,2102
1503,2102
1504,2104
1505,2101
1506,2109
1507,2110
1508,2096
1509,2100
1510,2112
1511,2110
1512,2112
1513,2111
1514,2109
1515,2108
1516,2110
1517,2107
1518,2107
1519,2133
1520,2104
1521,2103
1522,2105
1523,2104
1524,2112
1525,2110
1526,2111
1527,2101
1528,2107
1529,2113
1530,2114
1531,2109
1532,2111
1533,2107
1534,2110
1535,2106
1536,2104
1537,2100
1538,2102
1539,2104
1540,2103
1541,2109
1542,2107
1543,2107
1544,2108
1545,2112
1546,2112
1547,2108
1548,2111
1549,2112
1550,2109
1551,2111
1552,2111
1553,2103
1554,2096
1555,2105
1556,2103
1557,2104
1558,2105
1559,2102
1560,2107
1561,2103
1562,2082
1563,2109
1564,2112
1565,2108
1566,2112
1567,2112
1568,2110
1569,2109
1570,2104
1571,2105
1572,2100
1573,2104
1574,2102
1575,2101
1576,2106
1577,2109
1578,2106
1579,2109
1580,2118
1581,2107
1582,2112
1583,2111
1584,2110
1585,2106
1586,2106
1587,2106
1588,2110
1589,2106
1590,2101
1591,2102
1592,2103
1593,2101
1594,2112
1595,2104
1596,2106
1597,2118
1598,2109
1599,2107
1600,2111
1601,2111
1602,2108
1603,2113
1604,2110
1605,2106
1606,2104
1607,2103
1608,2102
1609,2105
1610,2104
1611,2106
1612,2108
1613,2103
1614,2107
1615,2124
1616,2144
1617,2110
1618,2111
1619,2108
1620,2112
1621,2108
1622,2110
1623,2107
1624,2106
1625,2092
1626,2104
1627,2104
1628,2105
1629,2106
1630,2108
1631,2109
1632,2100
1633,2111
1634,2110
1635,2110
1636,2113
1637,2110
1638,2108
1639,2107
1640,2104
1641,2110
1642,2111
1643,2108
1644,2102
1645,2105
1646,2105
1647,2102
1648,2112
1649,2109
1650,2107
1651,2104
1652,2112
1653,2111
1654,2110
1655,2108
1656,2103
1657,2111
1658,2106
1659,2103
1660,2102
1661,2103
1662,2104
1663,2104
1664,2103
1665,2104
1666,2101
1667,2105
1668,2106
1669,2129
1670,2108
1671,2112
1672,2114
1673,2110
1674,2111
1675,2107
1676,2104
1677,2103
1678,2118
1679,2102
1680,2100
1681,2103
1682,2107
1683,2106
1684,2106
1685,2108
1686,2113
1687,2106
1688,2109
1689,2110
1690,2111
1691,2091
1692,2108
1693,2104
1694,2112
1695,2108
1696,2100
1697,2104
1698,2101
1699,2099
1700,2106
1701,2109
1702,2109
1703,2110
1704,2116
1705,2113
1706,2111
1707,2114
1708,2110
1709,2108
1710,2104
1711,2105
1712,2105
1713,2104
1714,2106
1715,2102
1716,2106
1717,2112
1718,2105
1719,2100
1720,2115
1721,2117
1722,2117
1723,2111
1724,2112
1725,2117
1726,2112
1727,2112
1728,2108
1729,2104
1730,2104
1731,2107
1732,2107
1733,2104
1734,2105
1735,2105
1736,2102
1737,2096
1738,2110
1739,2104
1740,2111
1741,2109
1742,2107
1743,2110
1744,2106
1745,2105
1746,2104
1747,2107
1748,2106
1749,2106
1750,2104
1751,2102
1752,2105
1753,2109
1754,2108
1755,2106
1756,2148
1757,2110
1758,2110
1759,2108
1760,2111
1761,2110
1762,2112
1763,2110
1764,2116
1765,2105
1766,2121
1767,2103
1768,2111
1769,2104
1770,2103
1771,2103
1772,2104
1773,2106
1774,2111
1775,2117
1776,2110
1777,2105
1778,2105
1779,2112
1780,2111
1781,2103
1782,2105
1783,2104
1784,2099
1785,2103
1786,2101
1787,2103
1788,2104
1789,2107
1790,2105
1791,2106
1792,2111
1793,2110
1794,2111
1795,2112
1796,2108
1797,2107
1798,2109
1799,2107
1800,2105
1801,2100
1802,2103
1803,2103
1804,2102
1805,2105
1806,2087
1807,2106
1808,2105
1809,2114
1810,2111
1811,2111
1812,2112
1813,2109
1814,2106
1815,2107
1816,2109
1817,2108
1818,2107
1819,2082
1820,2102
1821,2102
1822,2102
1823,2107
1824,2108
1825,2104
1826,2103
1827,2101
1828,2108
1829,2111
1830,2108
1831,2115
1832,2110
1833,2116
1834,2107
1835,2106
1836,2103
1837,2099
1838,2104
1839,2104
1840,2105
1841,2100
1842,2104
1843,2092
1844,2113
1845,2113
1846,2108
1847,2110
1848,2111
1849,2111
1850,2110
1851,2106
1852,2105
1853,2105
1854,2106
1855,2102
1856,2098
1857,2100
1858,2105
1859,2093
1860,2105
1861,2111
1862,2096
1863,2107
1864,2113
1865,2110
1866,2111
1867,2108
1868,2107
1869,2089
1870,2106
1871,2100
1872,2101
1873,2104
1874,2103
1875,2104
1876,2105
1877,2105
1878,2105
1879,2107
1880,2111
1881,2110
1882,2112
1883,2108
1884,2110
1885,2106
1886,2108
1887,2108
1888,2107
1889,2104
1890,2102
1891,2104
1892,2122
1893,2104
1894,2104
1895,2104
1896,2105
1897,2103
1898,2113
1899,2108
1900,2112
1901,2109
1902,2112
1903,2120
1904,2108
1905,2108
1906,2107
1907,2106
1908,2105
1909,2104
1910,2103
1911,2106
1912,2112
1913,2110
1914,2110
1915,2125
1916,2090
1917,2108
1918,2107
1919,2110
1920,2110
1921,2113
1922,2109
1923,2106
1924,2108
1925,2089
1926,2110
1927,2104
1928,2103
1929,2108
1930,2104
1931,2103
1932,2107
1933,2112
1934,2109
1935,2116
1936,2118
1937,2111
1938,2110
1939,2107
1940,2105
1941,2108
1942,2101
1943,2098
1944,2104
1945,2104
1946,2106
1947,2102
1948,2108
1949,2106
1950,2114
1951,2109
1952,2114
1953,2109
1954,2112
1955,2110
1956,2111
1957,2105
1958,2105
1959,2102
1960,2103
1961,2103
1962,2104
1963,2103
1964,2102
1965,2103
1966,2105
1967,2110
1968,2097
1969,2109
1970,2104
1971,2116
1972,2114
1973,2108
1974,2108
1975,2110
1976,2105
1977,2104
1978,2112
1979,2102
1980,2102
1981,2102
1982,2109
1983,2106
1984,2110
1985,2106
1986,2109
1987,2105
1988,2113
1989,2112
1990,2109
1991,2110
1992,2121
1993,2108
1994,2103
1995,2105
1996,2107
1997,2105
1998,2102
1999,2101
2000,2106
2001,2102
2002,2113
2003,2104
2004,2106
2005,2110
2006,2111
2007,2112
2008,2104
2009,2110
2010,2105
2011,2105
2012,2105
2013,2105
2014,2107
2015,2104
2016,2103
2017,2106
2018,2104
2019,2101
2020,2100
2021,2115
2022,2105
2023,2113
2024,2112
2025,2113
2026,2112
2027,2108
2028,2108
2029,2106
2030,2105
2031,2110
2032,2105
2033,2102
2034,2100
2035,2089
2036,2109
2037,2126
2038,2108
2039,2109
2040,2124
2041,2112
2042,2111
2043,2110
2044,2112
2045,2110
2046,2109
2047,2104
2048,2102
2049,2107
2050,2106
2051,2106
2052,2104
2053,2101
2054,2107
2055,2111
2056,2083
2057,2110
2058,2110
2059,2107
2060,2101
2061,2109
2062,2108
2063,2108
2064,2110
2065,2105
2066,2081
2067,2103
2068,2104
2069,2103
2070,2104
2071,2100
2072,2109
2073,2101
2074,2108
2075,2110
2076,2111
2077,2109
2078,2114
2079,2110
2080,2105
2081,2104
2082,2108
2083,2104
2084,2104
2085,2103
2086,2104
2087,2111
2088,2104
2089,2106
2090,2101
2091,2111
2092,2108
2093,2108
2094,2110
2095,2110
2096,2108
2097,2111
2098,2109
2099,2105
2100,2104
2101,2106
2102,2101
2103,2103
2104,2112
2105,2104
2106,2107
2107,2104
2108,2106
2109,2120
2110,2123
2111,2116
2112,2108
2113,2107
2114,2110
2115,2114
2116,2111
2117,2107
2118,2105
2119,2097
2120,2104
2121,2104
2122,2107
2123,2104
2124,2102
2125,2106
2126,2113
2127,2104
2128,2112
2129,2109
2130,2110
2131,2111
2132,2107
2133,2109
2134,2108
2135,2106
2136,2104
2137,2107
2138,2103
2139,2105
2140,2104
2141,2098
2142,2104
2143,2087
2144,2100
2145,2107
2146,2108
2147,2115
2148,2112
2149,2108
2150,2110
2151,2111
2152,2110
2153,2104
2154,2103
2155,2100
2156,2103
2157,2106
2158,2104
2159,2100
2160,2106
2161,2118
2162,2170
2163,2108
2164,2113
2165,2108
2166,2111
2167,2109
2168,2108
2169,2108
2170,2108
2171,2102
2172,2102
2173,2108
2174,2103
2175,2104
2176,2105
2177,2109
2178,2105
2179,2104
2180,2115
2181,2111
2182,2111
2183,2112
2184,2111
2185,2111
2186,2104
2187,2112
2188,2105
2189,2103
2190,2101
2191,2107
2192,2102
2193,2103
2194,2111
2195,2104
2196,2107
2197,2119
2198,2108
2199,2110
2200,2111
2201,2109
2202,2111
2203,2110
2204,2110
2205,2106
2206,2108
2207,2103
2208,2103
2209,2102
2210,2098
2211,2105
2212,2108
2213,2108
2214,2114
2215,2134
2216,2096
2217,2113
2218,2112
2219,2112
2220,2106
2221,2110
2222,2107
2223,2106
2224,2106
2225,2103
2226,2105
2227,2104
2228,2110
2229,2104
2230,2105
2231,2108
2232,2112
2233,2109
2234,2107
2235,2111
2236,2112
2237,2112
2238,2110
2239,2106
2240,2103
2241,2104
2242,2104
2243,2100
2244,2104
2245,2103
2246,2104
2247,2100
2248,2112
2249,2106
2250,2110
2251,2107
2252,2106
2253,2112
2254,2106
2255,2110
2256,2107
2257,2108
2258,2109
2259,2105
2260,2106
2261,2106
2262,2103
2263,2102
2264,2103
2265,2106
2266,2104
2267,2104
2268,2105
2269,2120
2270,2108
2271,2108
2272,2114
2273,2101
2274,2111
2275,2109
2276,2104
2277,2104
2278,2102
2279,2103
2280,2103
2281,2103
2282,2104
2283,2105
2284,2108
2285,2118
2286,2112
2287,2106
2288,2111
2289,2111
2290,2109
2291,2108
2292,2110
2293,2106
2294,2103
2295,2104
2296,2111
2297,2100
2298,2104
2299,2104
2300,2108
2301,2113
2302,2108
2303,2108
2304,2113
2305,2111
2306,2109
2307,2113
2308,2111
2309,2108
2310,2109
2311,2108
2312,2108
2313,2104
2314,2103
2315,2104
2316,2111
2317,2109
2318,2112
2319,2112
2320,2101
2321,2108
2322,2099
2323,2112
2324,2111
2325,2112
2326,2110
2327,2109
2328,2117
2329,2106
2330,2105
2331,2100
2332,2106
2333,2107
2334,2104
2335,2103
2336,2106
2337,2131
2338,2113
2339,2109
2340,2110
2341,2116
2342,2108
2343,2110
2344,2108
2345,2109
2346,2109
2347,2105
2348,2105
2349,2107
2350,2104
2351,2105
2352,2107
2353,2100
2354,2112
2355,2112
2356,2041
2357,2108
2358,2110
2359,2109
2360,2112
2361,2113
2362,2110
2363,2108
2364,2107
2365,2105
2366,2125
2367,2104
2368,2106
2369,2103
2370,2104
2371,2108
2372,2111
2373,2120
2374,2100
2375,2096
2376,2110
2377,2112
2378,2112
2379,2109
2380,2110
2381,2104
2382,2106
2383,2102
2384,2110
2385,2096
2386,2113
2387,2104
2388,2103
2389,2107
2390,2102
2391,2112
2392,2112
2393,2112
2394,2111
2395,2109
2396,2109
2397,2113
2398,2111
2399,2106
2400,2104
2401,2104
2402,2103
2403,2103
2404,2103
2405,2103
2406,2105
2407,2109
2408,2101
2409,2077
2410,2111
2411,2108
2412,2125
2413,2111
2414,2112
2415,2112
2416,2108
2417,2102
2418,2110
2419,2090
2420,2105
2421,2104
2422,2102
2423,2102
2424,2105
2425,2104
2426,2110
2427,2115
2428,2116
2429,2110
2430,2111
2431,2116
2432,2110
2433,2109
2434,2109
2435,2107
2436,2104
2437,2108
2438,2104
2439,2103
2440,2102
2441,2096
2442,2103
2443,2079
2444,2119
2445,2107
2446,2112
2447,2110
2448,2110
2449,2110
2450,2108
2451,2107
2452,2107
2453,2101
2454,2095
2455,2104
2456,2103
2457,2105
2458,2106
2459,2100
2460,2112
2461,2097
2462,2102
2463,2110
2464,2111
2465,2108
2466,2121
2467,2109
2468,2111
2469,2112
2470,2107
2471,2104
2472,2120
2473,2101
2474,2104
2475,2104
2476,2106
2477,2104
2478,2110
2479,2108
2480,2110
2481,2116
2482,2109
2483,2110
2484,2112
2485,2112
2486,2108
2487,2108
2488,2109
2489,2107
2490,2100
2491,2101
2492,2103
2493,2104
2494,2103
2495,2106
2496,2108
2497,2110
2498,2108
2499,2111
2500,2113
2501,2103
2502,2111
2503,2107
2504,2130
2505,2106
2506,2107
2507,2100
2508,2099
2509,2103
2510,2108
2511,2103
2512,2107
2513,2102
2514,2099
2515,2105
2516,2130
2517,2111
2518,2112
2519,2112
2520,2109
2521,2113
2522,2109
2523,2098
2524,2104
2525,2121
2526,2104
2527,2103
2528,2104
2529,2104
2530,2111
2531,2107
2532,2106
2533,2111
2534,2104
2535,2111
2536,2109
2537,2110
2538,2110
2539,2106
2540,2105
2541,2107
2542,2104
2543,2101
2544,2101
2545,2103
2546,2102
2547,2101
2548,2107
2549,2106
2550,2106
2551,2110
2552,2111
2553,2112
2554,2112
2555,2107
2556,2111
2557,2104
2558,2102
2559,2108
2560,2105
2561,2103
2562,2104
2563,2101
2564,2105
2565,2104
2566,2101
2567,2111
2568,2108
2569,2119
2570,2111
2571,2101
2572,2112
2573,2112
2574,2110
2575,2107
2576,2106
2577,2104
2578,2101
2579,2104
2580,2105
2581,2105
2582,2105
2583,2107
2584,2108
2585,2107
2586,2109
2587,2107
2588,2112
2589,2110
2590,2108
2591,2111
2592,2105
2593,2114
2594,2104
2595,2102
2596,2112
2597,2104
2598,2102
2599,2104
2600,2104
2601,2104
2602,2113
2603,2115
2604,2108
2605,2108
2606,2111
2607,2110
2608,2112
2609,2106
2610,2107
2611,2105
2612,2105
2613,2104
2614,2104
2615,2104
2616,2104
2617,2105
2618,2102
2619,2102
2620,2106
2621,2105
2622,2096
2623,2111
2624,2104
2625,2110
2626,2106
2627,2105
2628,2106
2629,2106
2630,2104
2631,2099
2632,2102
2633,2103
2634,2104
2635,2103
2636,2106
2637,2133
2638,2107
2639,2114
2640,2110
2641,2110
2642,2110
2643,2110
2644,2110
2645,2104
2646,2091
2647,2103
2648,2105
2649,2100
2650,2102
2651,2101
2652,2104
2653,2100
2654,2107
2655,2101
2656,2100
2657,2107
2658,2111
2659,2110
2660,2107
2661,2111
2662,2111
2663,2100
2664,2104
2665,2092
2666,2109
2667,2103
2668,2104
2669,2101
2670,2105
2671,2100
2672,2113
2673,2116
2674,2107
2675,2098
2676,2110
2677,2109
2678,2114
2679,2109
2680,2112
2681,2106
2682,2107
2683,2104
2684,2109
2685,2104
2686,2105
2687,2105
2688,2103
2689,2110
2690,2098
2691,2111
2692,2108
2693,2108
2694,2111
2695,2111
2696,2110
2697,2108
2698,2108
2699,2106
2700,2106
2701,2104
2702,2105
2703,2104
2704,2103
2705,2102
2706,2095
2707,2106
2708,2103
2709,2112
2710,2108
2711,2110
2712,2110
2713,2115
2714,2111
2715,2110
2716,2111
2717,2103
2718,2106
2719,2088
2720,2105
2721,2103
2722,2101
2723,2103
2724,2111
2725,2108
2726,2113
2727,2104
2728,2116
2729,2113
2730,2111
2731,2112
2732,2104
2733,2112
2734,2105
2735,2106
2736,2105
2737,2102
2738,2103
2739,2105
2740,2103
2741,2102
2742,2103
2743,2083
2744,2108
2745,2116
2746,2112
2747,2110
2748,2111
2749,2120
2750,2109
2751,2109
2752,2110
2753,2104
2754,2104
2755,2104
2756,2101
2757,2105
2758,2106
2759,2099
2760,2106
2761,2116
2762,2165
2763,2110
2764,2110
2765,2110
2766,2110
2767,2110
2768,2096
2769,2110
2770,2104
2771,2104
2772,2116
2773,2104
2774,2100
2775,2103
2776,2104
2777,2108
2778,2108
2779,2108
2780,2082
2781,2114
2782,2107
2783,2114
2784,2110
2785,2112
2786,2107
2787,2105
2788,2108
2789,2108
2790,2104
2791,2102
2792,2103
2793,2103
2794,2105
2795,2100
2796,2110
2797,2096
2798,2111
2799,2113
2800,2110
2801,2117
2802,2109
2803,2112
2804,2110
2805,2108
2806,2105
2807,2103
2808,2102
2809,2105
2810,2105
2811,2104
2812,2106
2813,2111
2814,2111
2815,2110
2816,2117
2817,2110
2818,2112
2819,2112
2820,2112
2821,2107
2822,2104
2823,2107
2824,2107
2825,2116
2826,2104
2827,2102
2828,2100
2829,2106
2830,2104
2831,2108
2832,2112
2833,2113
2834,2107
2835,2110
2836,2111
2837,2110
2838,2109
2839,2108
2840,2108
2841,2107
2842,2105
2843,2101
2844,2103
2845,2104
2846,2103
2847,2102
2848,2104
2849,2104
2850,2112
2851,2109
2852,2109
2853,2110
2854,2112
2855,2101
2856,2110
2857,2107
2858,2104
2859,2105
2860,2103
2861,2103
2862,2097
2863,2104
2864,2104
2865,2105
2866,2103
2867,2118
2868,2106
2869,2109
2870,2098
2871,2102
2872,2108
2873,2108
2874,2117
2875,2110
2876,2105
2877,2104
2878,2097
2879,2092
2880,2104
2881,2104
2882,2104
2883,2096
2884,2105
2885,2104
2886,2108
2887,2108
2888,2110
2889,2113
2890,2113
2891,2109
2892,2108
2893,2105
2894,2110
2895,2120
2896,2109
2897,2103
2898,2108
2899,2103
2900,2105
2901,2102
2902,2106
2903,2111
2904,2109
2905,2109
2906,2118
2907,2118
2908,2111
2909,2109
2910,2108
2911,2104
2912,2108
2913,2105
2914,2104
2915,2091
2916,2110
2917,2105
2918,2102
2919,2105
2920,2113
2921,2107
2922,2101
2923,2110
2924,2113
2925,2110
2926,2109
2927,2110
2928,2108
2929,2107
2930,2105
2931,2098
2932,2104
2933,2103
2934,2104
2935,2104
2936,2102
2937,2090
2938,2105
2939,2105
2940,2111
2941,2107
2942,2111
2943,2109
2944,2109
2945,2109
2946,2110
2947,2104
2948,2102
2949,2102
2950,2103
2951,2102
2952,2102
2953,2100
2954,2107
2955,2107
2956,2071
2957,2109
2958,2111
2959,2108
2960,2109
2961,2116
2962,2110
2963,2109
2964,2108
2965,2105
2966,2080
2967,2105
2968,2101
2969,2103
2970,2105
2971,2102
2972,2110
2973,2110
2974,2114
2975,2100
2976,2112
2977,2107
2978,2112
2979,2111
2980,2108
2981,2106
2982,2108
2983,2101
2984,2103
2985,2102
2986,2101
2987,2105
2988,2102
2989,2110
2990,2089
2991,2110
2992,2111
2993,2106
2994,2110
2995,2104
2996,2110
2997,2112
2998,2109
2999,2103
3000,2104
3001,2105
3002,2104
3003,2104
3004,2103
3005,2107
3006,2105
3007,2109
3008,2097
3009,2101
3010,2110
3011,2111
3012,2111
3013,2113
3014,2111
3015,2110
3016,2109
3017,2106
3018,2108
3019,2099
3020,2105
3021,2101
3022,2106
3023,2105
3024,2108
3025,2105
3026,2104
3027,2114
3028,2121
3029,2113
3030,2111
3031,2111
3032,2109
3033,2109
3034,2110
3035,2102
3036,2105
3037,2109
3038,2100
3039,2103
3040,2105
3041,2103
3042,2104
3043,2088
3044,2109
3045,2110
3046,2112
3047,2110
3048,2112
3049,2110
3050,2108
3051,2109
3052,2108
3053,2104
3054,2104
3055,2104
3056,2105
3057,2101
3058,2103
3059,2102
3060,2104
3061,2096
3062,2067
3063,2111
3064,2112
3065,2112
3066,2112
3067,2111
3068,2107
3069,2108
3070,2106
3071,2105
3072,2110
3073,2105
3074,2100
3075,2102
3076,2105
3077,2107
3078,2135
3079,2094
3080,2107
3081,2112
3082,2113
3083,2108
3084,2111
3085,2112
3086,2108
3087,2111
3088,2105
3089,2104
3090,2103
3091,2105
3092,2102
3093,2103
3094,2103
3095,2105
3096,2126
3097,2093
3098,2108
3099,2111
3100,2112
3101,2109
3102,2113
3103,2110
3104,2108
3105,2106
3106,2106
3107,2103
3108,2103
3109,2103
3110,2119
3111,2106
3112,2107
3113,2107
3114,2105
3115,2104
3116,2110
3117,2108
3118,2112
3119,2107
3120,2110
3121,2108
3122,2112
3123,2105
3124,2106
3125,2113
3126,2104
3127,2104
3128,2103
3129,2103
3130,2107
3131,2105
3132,2108
3133,2114
3134,2110
3135,2110
3136,2110
3137,2110
3138,2109
3139,2108
3140,2106
3141,2107
3142,2106
3143,2105
3144,2114
3145,2103
3146,2105
3147,2104
3148,2103
3149,2111
3150,2108
3151,2109
3152,2108
3153,2110
3154,2115
3155,2110
3156,2114
3157,2110
3158,2104
3159,2105
3160,2104
3161,2103
3162,2105
3163,2103
3164,2105
3165,2100
3166,2103
3167,2107
3168,2107
3169,2109
3170,2110
3171,2110
3172,2111
3173,2109
3174,2109
3175,2108
3176,2105
3177,2106
3178,2098
3179,2103
3180,2104
3181,2103
3182,2107
3183,2107
3184,2110
3185,2105
3186,2110
3187,2112
3188,2110
3189,2108
3190,2112
3191,2108
3192,2109
3193,2109
3194,2095
3195,2104
3196,2102
3197,2108
3198,2104
3199,2105
3200,2093
3201,2108
3202,2108
3203,2109
3204,2111
3205,2112
3206,2110
3207,2111
3208,2112
3209,2108
3210,2110
3211,2106
3212,2103
3213,2106
3214,2106
3215,2100
3216,2108
3217,2120
3218,2112
3219,2106
3220,2110
3221,2089
3222,2105
3223,2110
3224,2109
3225,2111
3226,2111
3227,2108
3228,2108
3229,2106
3230,2104
3231,2098
3232,2103
3233,2102
3234,2101
3235,2103
3236,2093
3237,2108
3238,2108
3239,2108
3240,2108
3241,2112
3242,2108
3243,2114
3244,2112
3245,2107
3246,2106
3247,2107
3248,2106
3249,2102
3250,2102
3251,2103
3252,2103
3253,2104
3254,2107
3255,2106
3256,2100
3257,2111
3258,2113
3259,2109
3260,2112
3261,2112
3262,2109
3263,2109
3264,2106
3265,2106
3266,2095
3267,2106
3268,2104
3269,2105
3270,2104
3271,2103
3272,2104
3273,2100
3274,2111
3275,2102
3276,2110
3277,2109
3278,2105
3279,2110
3280,2110
3281,2107
3282,2108
3283,2106
3284,2103
3285,2103
3286,2103
3287,2098
3288,2096
3289,2111
3290,2088
3291,2108
3292,2108
3293,2108
3294,2112
3295,2111
3296,2115
3297,2109
3298,2110
3299,2103
3300,2108
3301,2110
3302,2103
3303,2104
3304,2105
3305,2102
3306,2104
3307,2109
3308,2109
3309,2110
3310,2111
3311,2110
3312,2111
3313,2111
3314,2110
3315,2112
3316,2109
3317,2105
3318,2108
3319,2102
3320,2103
3321,2103
3322,2104
3323,2104
3324,2104
3325,2102
3326,2111
3327,2108
3328,2112
3329,2109
3330,2113
3331,2110
3332,2107
3333,2108
3334,2097
3335,2105
3336,2104
3337,2101
3338,2101
3339,2104
3340,2104
3341,2105
3342,2104
3343,2102
3344,2107
3345,2107
3346,2114
3347,2106
3348,2111
3349,2109
3350,2108
3351,2108
3352,2107
3353,2103
3354,2102
3355,2104
3356,2100
3357,2098
3358,2103
3359,2090
3360,2110
3361,2098
3362,2125
3363,2110
3364,2115
3365,2109
3366,2113
3367,2111
3368,2110
3369,2105
3370,2107
3371,2105
3372,2108
3373,2105
3374,2104
3375,2104
3376,2103
3377,2105
3378,2112
3379,2114
3380,2112
3381,2110
3382,2111
3383,2113
3384,2113
3385,2108
3386,2108
3387,2109
3388,2108
3389,2105
3390,2108
3391,2104
3392,2101
3393,2104
3394,2114
3395,2103
3396,2108
3397,2102
3398,2112
3399,2112
3400,2112
3401,2110
3402,2111
3403,2108
3404,2107
3405,2105
3406,2105
3407,2104
3408,2085
3409,2106
3410,2104
3411,2104
3412,2108
3413,2110
3414,2111
3415,2122
3416,2125
3417,2111
3418,2113
3419,2109
3420,2114
3421,2111
3422,2106
3423,2106
3424,2106
3425,2112
3426,2114
3427,2102
3428,2104
3429,2103
3430,2103
3431,2106
3432,2104
3433,2108
3434,2116
3435,2102
3436,2112
3437,2110
3438,2108
3439,2111
3440,2108
3441,2106
3442,2105
3443,2105
3444,2104
3445,2104
3446,2102
3447,2101
3448,2110
3449,2110
3450,2112
3451,2112
3452,2105
3453,2112
3454,2112
3455,2108
3456,2110
3457,2103
3458,2103
3459,2105
3460,2102
3461,2095
3462,2104
3463,2100
3464,2107
3465,2102
3466,2104
3467,2106
3468,2102
3469,2091
3470,2108
3471,2111
3472,2111
3473,2109
3474,2108
3475,2104
3476,2105
3477,2105
3478,2104
3479,2103
3480,2102
3481,2104
3482,2104
3483,2101
3484,2126
3485,2105
3486,2109
3487,2116
3488,2112
3489,2111
3490,2111
3491,2110
3492,2109
3493,2107
3494,2104
3495,2096
3496,2104
3497,2106
3498,2106
3499,2103
3500,2108
3501,2103
3502,2112
3503,2104
3504,2114
3505,2107
3506,2111
3507,2110
3508,2110
3509,2108
3510,2108
3511,2106
3512,2106
3513,2104
3514,2098
3515,2103
3516,2105
3517,2104
3518,2101
3519,2109
3520,2109
3521,2104
3522,2106
3523,2109
3524,2111
3525,2111
3526,2112
3527,2108
3528,2107
3529,2105
3530,2103
3531,2098
3532,2104
3533,2103
3534,2103
3535,2105
3536,2105
3537,2106
3538,2107
3539,2113
3540,2110
3541,2114
3542,2111
3543,2109
3544,2109
3545,2107
3546,2108
3547,2104
3548,2105
3549,2103
3550,2105
3551,2105
3552,2111
3553,2104
3554,2107
3555,2106
3556,2151
3557,2105
3558,2110
3559,2110
3560,2110
3561,2108
3562,2109
3563,2107
3564,2133
3565,2101
3566,2097
3567,2106
3568,2103
3569,2103
3570,2104
3571,2104
3572,2108
3573,2102
3574,2109
3575,2112
3576,2113
3577,2111
3578,2107
3579,2116
3580,2108
3581,2105
3582,2106
3583,2102
3584,2101
3585,2103
3586,2104
3587,2102
3588,2104
3589,2107
3590,2082
3591,2109
3592,2108
3593,2106
3594,2110
3595,2111
3596,2112
3597,2108
3598,2107
3599,2105
3600,2105
3601,2104
3602,2100
3603,2102
3604,2101
3605,2100
3606,2106
3607,2103
3608,2104
3609,2110
3610,2111
3611,2111
3612,2111
3613,2109
3614,2112
3615,2105
3616,2106
3617,2106
3618,2106
3619,2101
3620,2103
3621,2104
3622,2106
3623,2104
3624,2108
3625,2104
3626,2108
3627,2107
3628,2108
3629,2111
3630,2112
3631,2115
3632,2113
3633,2103
3634,2119
3635,2097
3636,2106
3637,2103
3638,2103
3639,2103
3640,2103
3641,2108
3642,2103
3643,2111
3644,2113
3645,2108
3646,2110
3647,2110
3648,2113
3649,2110
3650,2109
3651,2108
3652,2104
3653,2102
3654,2104
3655,2103
3656,2101
3657,2101
3658,2105
3659,2104
3660,2108
3661,2100
3662,2129
3663,2112
3664,2111
3665,2110
3666,2110
3667,2106
3668,2113
3669,2104
3670,2102
3671,2104
3672,2102
3673,2102
3674,2104
3675,2104
3676,2105
3677,2104
3678,2105
3679,2109
3680,2112
3681,2109
3682,2110
3683,2112
3684,2112
3685,2108
3686,2106
3687,2108
3688,2099
3689,2106
3690,2105
3691,2104
3692,2102
3693,2104
3694,2104
3695,2102
3696,2112
3697,2101
3698,2117
3699,2112
3700,2112
3701,2110
3702,2111
3703,2107
3704,2110
3705,2106
3706,2090
3707,2103
3708,2105
3709,2104
3710,2104
3711,2104
3712,2106
3713,2108
3714,2102
3715,2096
3716,2107
3717,2111
3718,2110
3719,2111
3720,2112
3721,2108
3722,2107
3723,2106
3724,2104
3725,2102
3726,2103
3727,2101
3728,2102
3729,2102
3730,2103
3731,2105
3732,2105
3733,2105
3734,2113
3735,2112
3736,2111
3737,2110
3738,2107
3739,2108
3740,2106
3741,2106
3742,2103
3743,2105
3744,2105
3745,2104
3746,2105
3747,2104
3748,2105
3749,2105
3750,2105
3751,2104
3752,2111
3753,2110
3754,2111
3755,2110
3756,2110
3757,2107
3758,2109
3759,2104
3760,2105
3761,2103
3762,2103
3763,2103
3764,2103
3765,2104
3766,2104
3767,2100
3768,2110
3769,2097
3770,2109
3771,2112
3772,2118
3773,2124
3774,2110
3775,2104
3776,2107
3777,2105
3778,2104
3779,2103
3780,2101
3781,2106
3782,2105
3783,2107
3784,2123
3785,2109
3786,2111
3787,2112
3788,2112
3789,2112
3790,2111
3791,2110
3792,2109
3793,2107
3794,2105
3795,2103
3796,2100
3797,2095
3798,2104
3799,2105
3800,2104
3801,2103
3802,2107
3803,2104
3804,2109
3805,2109
3806,2111
3807,2109
3808,2112
3809,2107
3810,2108
3811,2104
3812,2109
3813,2103
3814,2100
3815,2104
3816,2103
3817,2104
3818,2105
3819,2108
3820,2105
3821,2102
3822,2121
3823,2111
3824,2114
3825,2109
3826,2108
3827,2109
3828,2106
3829,2106
3830,2106
3831,2105
3832,2090
3833,2105
3834,2103
3835,2105
3836,2107
3837,2097
3838,2104
3839,2108
3840,2108
3841,2110
3842,2112
3843,2110
3844,2110
3845,2106
3846,2108
3847,2102
3848,2103
3849,2103
3850,2105
3851,2105
3852,2093
3853,2103
3854,2107
3855,2108
3856,2130
3857,2110
3858,2111
3859,2111
3860,2112
3861,2110
3862,2108
3863,2105
3864,2108
3865,2108
3866,2129
3867,2100
3868,2104
3869,2102
3870,2106
3871,2109
3872,2104
3873,2111
3874,2112
3875,2117
3876,2112
3877,2106
3878,2107
3879,2113
3880,2111
3881,2107
3882,2107
3883,2104
3884,2096
3885,2094
3886,2102
3887,2102
3888,2103
3889,2105
3890,2105
3891,2110
3892,2104
3893,2108
3894,2112
3895,2110
3896,2110
3897,2112
3898,2109
3899,2101
3900,2105
3901,2103
3902,2105
3903,2113
3904,2104
3905,2104
3906,2104
3907,2106
3908,2105
3909,2094
3910,2112
3911,2099
3912,2102
3913,2111
3914,2112
3915,2108
3916,2107
3917,2108
3918,2103
3919,2108
3920,2104
3921,2104
3922,2103
3923,2110
3924,2104
3925,2110
3926,2114
3927,2102
3928,2104
3929,2111
3930,2114
3931,2113
3932,2108
3933,2108
3934,2107
3935,2104
3936,2106
3937,2099
3938,2101
3939,2103
3940,2105
3941,2107
3942,2103
3943,2120
3944,2103
3945,2108
3946,2111
3947,2112
3948,2112
3949,2109
3950,2110
3951,2108
3952,2102
3953,2104
3954,2105
3955,2103
3956,2100
3957,2079
3958,2104
3959,2100
3960,2107
3961,2097
3962,2123
3963,2109
3964,2112
3965,2110
3966,2116
3967,2114
3968,2107
3969,2108
3970,2109
3971,2108
3972,2089
3973,2105
3974,2104
3975,2103
3976,2103
3977,2105
3978,2108
3979,2112
3980,2103
3981,2109
3982,2112
3983,2103
3984,2111
3985,2108
3986,2108
3987,2107
3988,2105
3989,2105
3990,2105
3991,2101
3992,2103
3993,2103
3994,2106
3995,2108
3996,2110
3997,2103
3998,2111
3999,2109
4000,2112
4001,2110
4002,2111
4003,2107
4004,2110
4005,2115
4006,2105
4007,2101
4008,2106
4009,2098
4010,2102
4011,2104
4012,2106
4013,2107
4014,2100
4015,2112
4016,2076
4017,2110
4018,2104
4019,2115
4020,2108
4021,2110
4022,2107
4023,2105
4024,2105
4025,2095
4026,2105
4027,2103
4028,2105
4029,2081
4030,2104
4031,2104
4032,2104
4033,2106
4034,2110
4035,2111
4036,2112
4037,2108
4038,2110
4039,2108
4040,2091
4041,2107
4042,2105
4043,2104
4044,2104
4045,2103
4046,2102
4047,2103
4048,2110
4049,2101
4050,2136
4051,2098
4052,2108
4053,2111
4054,2108
4055,2109
4056,2110
4057,2108
4058,2108
4059,2105
4060,2104
4061,2108
4062,2102
4063,2102
4064,2103
4065,2104
4066,2104
4067,2120
4068,2108
4069,2090
4070,2110
4071,2108
4072,2112
4073,2110
4074,2104
4075,2108
4076,2105
4077,2104
4078,2108
4079,2102
4080,2105
4081,2104
4082,2104
4083,2104
4084,2107
4085,2107
4086,2111
4087,2111
4088,2110
4089,2111
4090,2110
4091,2106
4092,2108
4093,2104
4094,2108
4095,2105
4096,2105
4097,2104
4098,2103
4099,2103
4100,2108
4101,2109
4102,2105
4103,2111
4104,2110
4105,2111
4106,2110
4107,2109
4108,2111
4109,2109
4110,2102
4111,2106
4112,2105
4113,2105
4114,2102
4115,2103
4116,2104
4117,2104
4118,2110
4119,2108
4120,2112
4121,2110
4122,2118
4123,2107
4124,2114
4125,2111
4126,2110
4127,2108
4128,2110
4129,2105
4130,2104
4131,2109
4132,2104
4133,2101
4134,2103
4135,2105
4136,2106
4137,2095
4138,2113
4139,2107
4140,2109
4141,2111
4142,2112
4143,2111
4144,2110
4145,2107
4146,2108
4147,2105
4148,2105
4149,2104
4150,2103
4151,2101
4152,2107
4153,2102
4154,2107
4155,2104
4156,2089
4157,2110
4158,2112
4159,2111
4160,2107
4161,2110
4162,2111
4163,2105
4164,2106
4165,2102
4166,2132
4167,2100
4168,2099
4169,2104
4170,2105
4171,2105
4172,2106
4173,2114
4174,2116
4175,2119
4176,2110
4177,2110
4178,2110
4179,2111
4180,2115
4181,2105
4182,2104
4183,2104
4184,2096
4185,2104
4186,2104
4187,2105
4188,2111
4189,2120
4190,2122
4191,2105
4192,2110
4193,2107
4194,2110
4195,2112
4196,2110
4197,2110
4198,2105
4199,2107
4200,2104
4201,2103
4202,2101
4203,2103
4204,2103
4205,2099
4206,2109
4207,2104
4208,2102
4209,2106
4210,2115
4211,2114
4212,2113
4213,2112
4214,2111
4215,2109
4216,2108
4217,2104
4218,2105
4219,2125
4220,2103
4221,2104
4222,2105
4223,2104
4224,2106
4225,2105
4226,2104
4227,2116
4228,2104
4229,2110
4230,2110
4231,2109
4232,2108
4233,2111
4234,2109
4235,2102
4236,2104
4237,2101
4238,2104
4239,2106
4240,2102
4241,2107
4242,2107
4243,2124
4244,2104
4245,2110
4246,2111
4247,2110
4248,2113
4249,2110
4250,2108
4251,2109
4252,2112
4253,2107
4254,2106
4255,2103
4256,2090
4257,2102
4258,2104
4259,2104
4260,2108
4261,2113
4262,2102
4263,2105
4264,2113
4265,2113
4266,2111
4267,2110
4268,2109
4269,2108
4270,2106
4271,2102
4272,2093
4273,2103
4274,2104
4275,2102
4276,2102
4277,2103
4278,2109
4279,2102
4280,2110
4281,2105
4282,2112
4283,2112
4284,2111
4285,2109
4286,2108
4287,2102
4288,2105
4289,2108
4290,2104
4291,2102
4292,2101
4293,2103
4294,2105
4295,2107
4296,2106
4297,2106
4298,2107
4299,2110
4300,2113
4301,2113
4302,2112
4303,2104
4304,2108
4305,2106
4306,2104
4307,2103
4308,2105
4309,2103
4310,2102
4311,2104
4312,2102
4313,2119
4314,2100
4315,2111
4316,2112
4317,2110
4318,2112
4319,2108
4320,2106
4321,2109
4322,2106
4323,2106
4324,2104
4325,2091
4326,2103
4327,2099
4328,2104
4329,2096
4330,2106
4331,2105
4332,2115
4333,2112
4334,2112
4335,2111
4336,2111
4337,2111
4338,2112
4339,2109
4340,2110
4341,2107
4342,2089
4343,2105
4344,2103
4345,2102
4346,2103
4347,2100
4348,2111
4349,2109
4350,2106
4351,2106
4352,2109
4353,2111
4354,2117
4355,2110
4356,2108
4357,2107
4358,2103
4359,2110
4360,2106
4361,2105
4362,2101
4363,2103
4364,2103
4365,2104
4366,2104
4367,2111
4368,2108
4369,2105
4370,2109
4371,2110
4372,2112
4373,2110
4374,2109
4375,2109
4376,2104
4377,2104
4378,2111
4379,2102
4380,2100
4381,2104
4382,2102
4383,2096
4384,2090
4385,2108
4386,2115
4387,2111
4388,2110
4389,2111
4390,2111
4391,2111
4392,2108
4393,2110
4394,2104
4395,2105
4396,2102
4397,2102
4398,2103
4399,2103
4400,2108
4401,2108
4402,2107
4403,2115
4404,2110
4405,2110
4406,2110
4407,2110
4408,2111
4409,2106
4410,2108
4411,2106
4412,2104
4413,2102
4414,2103
4415,2102
4416,2103
4417,2100
4418,2109
4419,2108
4420,2104
4421,2107
4422,2120
4423,2116
4424,2111
4425,2112
4426,2109
4427,2110
4428,2110
4429,2105
4430,2105
4431,2106
4432,2107
4433,2102
4434,2105
4435,2106
4436,2101
4437,2092
4438,2104
4439,2108
4440,2110
4441,2111
4442,2110
4443,2112
4444,2111
4445,2108
4446,2105
4447,2110
4448,2115
4449,2105
4450,2108
4451,2100
4452,2107
4453,2104
4454,2101
4455,2107
4456,2152
4457,2108
4458,2111
4459,2111
4460,2109
4461,2111
4462,2111
4463,2112
4464,2105
4465,2107
4466,2098
4467,2094
4468,2103
4469,2101
4470,2104
4471,2105
4472,2107
4473,2102
4474,2115
4475,2118
4476,2110
4477,2110
4478,2111
4479,2112
4480,2108
4481,2106
4482,2105
4483,2102
4484,2100
4485,2103
4486,2102
4487,2101
4488,2110
4489,2105
4490,2127
4491,2110
4492,2108
4493,2110
4494,2110
4495,2109
4496,2110
4497,2106
4498,2108
4499,2108
4500,2108
4501,2104
4502,2100
4503,2103
4504,2105
4505,2106
4506,2110
4507,2102
4508,2118
4509,2124
4510,2109
4511,2109
4512,2112
4513,2110
4514,2109
4515,2112
4516,2111
4517,2098
4518,2105
4519,2109
4520,2104
4521,2103
4522,2104
4523,2103
4524,2102
4525,2104
4526,2105
4527,2117
4528,2108
4529,2109
4530,2104
4531,2111
4532,2111
4533,2111
4534,2107
4535,2104
4536,2106
4537,2099
4538,2104
4539,2103
4540,2104
4541,2104
4542,2111
4543,2121
4544,2116
4545,2112
4546,2110
4547,2110
4548,2108
4549,2112
4550,2110
4551,2108
4552,2106
4553,2105
4554,2104
4555,2100
4556,2104
4557,2109
4558,2103
4559,2100
4560,2108
4561,2097
4562,2115
4563,2116
4564,2114
4565,2110
4566,2111
4567,2110
4568,2111
4569,2110
4570,2108
4571,2103
4572,2096
4573,2101
4574,2100
4575,2103
4576,2107
4577,2106
4578,2108
4579,2109
4580,2112
4581,2105
4582,2115
4583,2111
4584,2110
4585,2111
4586,2108
4587,2108
4588,2104
4589,2104
4590,2106
4591,2103
4592,2102
4593,2102
4594,2105
4595,2105
4596,2108
4597,2106
4598,2110
4599,2112
4600,2111
4601,2110
4602,2111
4603,2111
4604,2106
4605,2110
4606,2100
4607,2104
4608,2102
4609,2111
4610,2102
4611,2103
4612,2105
4613,2104
4614,2105
4615,2106
4616,2122
4617,2112
4618,2112
4619,2110
4620,2108
4621,2111
4622,2107
4623,2102
4624,2103
4625,2094
4626,2102
4627,2104
4628,2102
4629,2091
4630,2104
4631,2107
4632,2107
4633,2106
4634,2106
4635,2112
4636,2110
4637,2107
4638,2111
4639,2105
4640,2105
4641,2107
4642,2104
4643,2099
4644,2108
4645,2104
4646,2114
4647,2104
4648,2111
4649,2107
4650,2113
4651,2113
4652,2111
4653,2110
4654,2110
4655,2111
4656,2110
4657,2103
4658,2105
4659,2104
4660,2103
4661,2103
4662,2104
4663,2105
4664,2104
4665,2105
4666,2111
4667,2114
4668,2110
4669,2109
4670,2110
4671,2112
4672,2110
4673,2111
4674,2112
4675,2120
4676,2112
4677,2106
4678,2118
4679,2100
4680,2101
4681,2102
4682,2105
4683,2103
4684,2080
4685,2107
4686,2113
4687,2109
4688,2111
4689,2112
4690,2111
4691,2105
4692,2111
4693,2109
4694,2104
4695,2102
4696,2106
4697,2103
4698,2102
4699,2102
4700,2107
4701,2109
4702,2104
4703,2112
4704,2112
4705,2112
4706,2107
4707,2110
4708,2110
4709,2108
4710,2106
4711,2104
4712,2106
4713,2086
4714,2103
4715,2104
4716,2105
4717,2102
4718,2107
4719,2106
4720,2101
4721,2102
4722,2123
4723,2113
4724,2111
4725,2112
4726,2111
4727,2108
4728,2110
4729,2104
4730,2104
4731,2108
4732,2103
4733,2103
4734,2105
4735,2103
4736,2103
4737,2098
4738,2104
4739,2110
4740,2109
4741,2109
4742,2111
4743,2108
4744,2106
4745,2111
4746,2108
4747,2101
4748,2104
4749,2106
4750,2104
4751,2100
4752,2104
4753,2101
4754,2102
4755,2106
4756,2140
4757,2108
4758,2110
4759,2108
4760,2112
4761,2111
4762,2110
4763,2105
4764,2105
4765,2104
4766,2078
4767,2104
4768,2103
4769,2103
4770,2102
4771,2103
4772,2106
4773,2108
4774,2114
4775,2114
4776,2110
4777,2106
4778,2112
4779,2108
4780,2114
4781,2106
4782,2105
4783,2103
4784,2104
4785,2105
4786,2103
4787,2105
4788,2107
4789,2104
4790,2135
4791,2108
4792,2109
4793,2113
4794,2112
4795,2111
4796,2109
4797,2106
4798,2111
4799,2104
4800,2103
4801,2105
4802,2103
4803,2100
4804,2102
4805,2101
4806,2109
4807,2101
4808,2118
4809,2147
4810,2110
4811,2109
4812,2112
4813,2112
4814,2128
4815,2116
4816,2107
4817,2107
4818,2105
4819,2101
4820,2096
4821,2103
4822,2105
4823,2104
4824,2103
4825,2105
4826,2106
4827,2105
4828,2111
4829,2110
4830,2111
4831,2110
4832,2109
4833,2110
4834,2107
4835,2105
4836,2105
4837,2102
4838,2096
4839,2103
4840,2102
4841,2102
4842,2108
4843,2112
4844,2118
4845,2112
4846,2106
4847,2109
4848,2109
4849,2110
4850,2111
4851,2108
4852,2100
4853,2103
4854,2106
4855,2101
4856,2103
4857,2103
4858,2106
4859,2101
4860,2104
4861,2117
4862,2117
4863,2157
4864,2111
4865,2112
4866,2111
4867,2107
4868,2110
4869,2106
4870,2106
4871,2102
4872,2094
4873,2101
4874,2107
4875,2104
4876,2102
4877,2103
4878,2108
4879,2115
4880,2112
4881,2112
4882,2113
4883,2108
4884,2130
4885,2111
4886,2109
4887,2105
4888,2104
4889,2100
4890,2103
4891,2101
4892,2102
4893,2102
4894,2104
4895,2105
4896,2105
4897,2108
4898,2108
4899,2110
4900,2109
4901,2111
4902,2116
4903,2108
4904,2109
4905,2108
4906,2098
4907,2105
4908,2104
4909,2102
4910,2101
4911,2105
4912,2106
4913,2104
4914,2101
4915,2109
4916,2116
4917,2112
4918,2111
4919,2113
4920,2113
4921,2108
4922,2110
4923,2106
4924,2105
4925,2102
4926,2103
4927,2102
4928,2102
4929,2103
4930,2103
4931,2103
4932,2108
4933,2110
4934,2110
4935,2112
4936,2110
4937,2112
4938,2110
4939,2106
4940,2108
4941,2106
4942,2106
4943,2100
4944,2103
4945,2104
4946,2102
4947,2100
4948,2110
4949,2109
4950,2111
4951,2109
4952,2112
4953,2124
4954,2117
4955,2109
4956,2109
4957,2108
4958,2108
4959,2106
4960,2105
4961,2103
4962,2104
4963,2103
4964,2105
4965,2102
4966,2111
4967,2110
4968,2112
4969,2113
4970,2110
4971,2125
4972,2122
4973,2108
4974,2108
4975,2108
4976,2109
4977,2105
4978,2103
4979,2103
4980,2104
4981,2102
4982,2105
4983,2107
4984,2083
4985,2108
4986,2120
4987,2111
4988,2111
4989,2111
4990,2111
4991,2110
4992,2106
4993,2105
4994,2106
4995,2106
4996,2103
4997,2100
4998,2104
4999,2103
5000,2103
5001,2103
5002,2103
5003,2116
5004,2110
5005,2111
5006,2110
5007,2108
5008,2114
5009,2110
5010,2109
5011,2104
5012,2126
5013,2087
5014,2104
5015,2100
5016,2102
5017,2102
5018,2104
5019,2106
5020,2104
5021,2103
5022,2053
5023,2098
5024,2109
5025,2114
5026,2104
5027,2105
5028,2109
5029,2106
5030,2104
5031,2102
5032,2104
5033,2100
5034,2100
5035,2104
5036,2104
5037,2104
5038,2107
5039,2112
5040,2116
5041,2111
5042,2112
5043,2111
5044,2110
5045,2107
5046,2108
5047,2106
5048,2102
5049,2105
5050,2104
5051,2103
5052,2103
5053,2100
5054,2106
5055,2104
5056,2142
5057,2108
5058,2111
5059,2110
5060,2110
5061,2111
5062,2110
5063,2105
5064,2105
5065,2104
5066,2104
5067,2095
5068,2098
5069,2102
5070,2103
5071,2102
5072,2108
5073,2103
5074,2114
5075,2109
5076,2111
5077,2111
5078,2112
5079,2105
5080,2108
5081,2112
5082,2104
5083,2103
5084,2107
5085,2106
5086,2102
5087,2102
5088,2103
5089,2106
5090,2080
5091,2108
5092,2120
5093,2112
5094,2112
5095,2113
5096,2109
5097,2108
5098,2110
5099,2107
5100,2106
5101,2102
5102,2101
5103,2103
5104,2104
5105,2101
5106,2104
5107,2100
5108,2115
5109,2052
5110,2111
5111,2110
5112,2112
5113,2109
5114,2112
5115,2112
5116,2108
5117,2103
5118,2105
5119,2101
5120,2105
5121,2108
5122,2104
5123,2106
5124,2105
5125,2108
5126,2111
5127,2110
5128,2111
5129,2112
5130,2111
5131,2108
5132,2109
5133,2110
5134,2108
5135,2104
5136,2106
5137,2103
5138,2103
5139,2103
5140,2101
5141,2109
5142,2102
5143,2104
5144,2109
5145,2111
5146,2111
5147,2108
5148,2113
5149,2113
5150,2110
5151,2108
5152,2109
5153,2103
5154,2096
5155,2104
5156,2104
5157,2103
5158,2102
5159,2100
5160,2105
5161,2110
5162,2113
5163,2052
5164,2111
5165,2113
5166,2111
5167,2111
5168,2108
5169,2108
5170,2106
5171,2105
5172,2104
5173,2109
5174,2102
5175,2105
5176,2105
5177,2103
5178,2102
5179,2107
5180,2103
5181,2113
5182,2111
5183,2109
5184,2108
5185,2112
5186,2110
5187,2109
5188,2101
5189,2104
5190,2102
5191,2100
5192,2104
5193,2102
5194,2099
5195,2103
5196,2110
5197,2102
5198,2111
5199,2109
5200,2110
5201,2111
5202,2109
5203,2107
5204,2110
5205,2106
5206,2092
5207,2104
5208,2105
5209,2102
5210,2103
5211,2102
5212,2105
5213,2109
5214,2098
5215,2092
5216,2121
5217,2110
5218,2112
5219,2114
5220,2105
5221,2107
5222,2108
5223,2105
5224,2106
5225,2106
5226,2101
5227,2102
5228,2100
5229,2105
5230,2097
5231,2106
5232,2105
5233,2103
5234,2105
5235,2111
5236,2107
5237,2108
5238,2112
5239,2111
5240,2101
5241,2107
5242,2104
5243,2101
5244,2103
5245,2104
5246,2098
5247,2103
5248,2100
5249,2108
5250,2112
5251,2110
5252,2111
5253,2112
5254,2110
5255,2111
5256,2109
5257,2108
5258,2106
5259,2106
5260,2095
5261,2105
5262,2106
5263,2102
5264,2104
5265,2106
5266,2108
5267,2106
5268,2116
5269,2108
5270,2110
5271,2112
5272,2112
5273,2107
5274,2108
5275,2107
5276,2108
5277,2104
5278,2100
5279,2105
5280,2105
5281,2103
5282,2105
5283,2104
5284,2098
5285,2110
5286,2109
5287,2106
5288,2113
5289,2112
5290,2107
5291,2111
5292,2108
5293,2103
5294,2103
5295,2104
5296,2104
5297,2104
5298,2103
5299,2104
5300,2126
5301,2105
5302,2106
5303,2110
5304,2112
5305,2110
5306,2111
5307,2110
5308,2111
5309,2110
5310,2108
5311,2105
5312,2104
5313,2077
5314,2105
5315,2102
5316,2106
5317,2104
5318,2108
5319,2106
5320,2108
5321,2109
5322,2095
5323,2110
5324,2110
5325,2110
5326,2106
5327,2107
5328,2107
5329,2104
5330,2102
5331,2100
5332,2102
5333,2108
5334,2101
5335,2103
5336,2105
5337,2107
5338,2105
5339,2112
5340,2114
5341,2111
5342,2111
5343,2112
5344,2112
5345,2108
5346,2111
5347,2104
5348,2102
5349,2102
5350,2104
5351,2100
5352,2104
5353,2101
5354,2102
5355,2108
5356,2120
5357,2108
5358,2111
5359,2113
5360,2108
5361,2111
5362,2111
5363,2107
5364,2106
5365,2102
5366,2095
5367,2101
5368,2102
5369,2111
5370,2100
5371,2103
5372,2104
5373,2106
5374,2122
5375,2103
5376,2111
5377,2108
5378,2113
5379,2111
5380,2108
5381,2108
5382,2110
5383,2104
5384,2106
5385,2104
5386,2105
5387,2104
5388,2100
5389,2109
5390,2111
5391,2104
5392,2109
5393,2111
5394,2111
5395,2110
5396,2112
5397,2108
5398,2108
5399,2103
5400,2102
5401,2104
5402,2101
5403,2104
5404,2104
5405,2103
5406,2103
5407,2103
5408,2102
5409,2145
5410,2108
5411,2112
5412,2112
5413,2110
5414,2108
5415,2109
5416,2111
5417,2104
5418,2104
5419,2087
5420,2100
5421,2102
5422,2103
5423,2103
5424,2103
5425,2104
5426,2107
5427,2117
5428,2116
5429,2110
5430,2114
5431,2109
5432,2109
5433,2110
5434,2110
5435,2103
5436,2103
5437,2103
5438,2098
5439,2104
5440,2102
5441,2105
5442,2105
5443,2102
5444,2110
5445,2110
5446,2110
5447,2109
5448,2109
5449,2112
5450,2110
5451,2106
5452,2105
5453,2105
5454,2104
5455,2102
5456,2103
5457,2104
5458,2101
5459,2104
5460,2107
5461,2110
5462,2136
5463,2037
5464,2110
5465,2111
5466,2107
5467,2108
5468,2107
5469,2107
5470,2098
5471,2104
5472,2116
5473,2101
5474,2102
5475,2104
5476,2106
5477,2106
5478,2106
5479,2100
5480,2109
5481,2114
5482,2113
5483,2111
5484,2110
5485,2108
5486,2111
5487,2106
5488,2104
5489,2102
5490,2101
5491,2102
5492,2104
5493,2103
5494,2108
5495,2107
5496,2110
5497,2098
5498,2111
5499,2110
5500,2113
5501,2109
5502,2113
5503,2109
5504,2106
5505,2108
5506,2107
5507,2103
5508,2097
5509,2101
5510,2101
5511,2105
5512,2104
5513,2107
5514,2114
5515,2088
5516,2122
5517,2112
5518,2113
5519,2110
5520,2110
5521,2112
5522,2110
5523,2105
5524,2109
5525,2110
5526,2103
5527,2102
5528,2102
5529,2108
5530,2108
5531,2102
5532,2113
5533,2103
5534,2100
5535,2109
5536,2116
5537,2105
5538,2110
5539,2107
5540,2108
5541,2106
5542,2107
5543,2104
5544,2104
5545,2103
5546,2103
5547,2104
5548,2102
5549,2104
5550,2110
5551,2108
5552,2112
5553,2110
5554,2112
5555,2110
5556,2111
5557,2104
5558,2109
5559,2106
5560,2103
5561,2102
5562,2103
5563,2102
5564,2102
5565,2107
5566,2111
5567,2108
5568,2112
5569,2119
5570,2110
5571,2108
5572,2112
5573,2110
5574,2107
5575,2105
5576,2105
5577,2110
5578,2109
5579,2100
5580,2098
5581,2104
5582,2103
5583,2108
5584,2114
5585,2108
5586,2110
5587,2107
5588,2110
5589,2111
5590,2106
5591,2109
5592,2110
5593,2108
5594,2111
5595,2103
5596,2108
5597,2100
5598,2104
5599,2103
5600,2100
5601,2101
5602,2106
5603,2142
5604,2114
5605,2109
5606,2110
5607,2112
5608,2110
5609,2106
5610,2107
5611,2106
5612,2105
5613,2167
5614,2103
5615,2100
5616,2104
5617,2103
5618,2101
5619,2110
5620,2108
5621,2105
5622,2098
5623,2110
5624,2110
5625,2109
5626,2112
5627,2111
5628,2103
5629,2105
5630,2105
5631,2098
5632,2106
5633,2104
5634,2104
5635,2104
5636,2105
5637,2117
5638,2105
5639,2110
5640,2112
5641,2109
5642,2113
5643,2111
5644,2107
5645,2110
5646,2122
5647,2095
5648,2105
5649,2106
5650,2104
5651,2100
5652,2106
5653,2108
5654,2108
5655,2107
5656,2107
5657,2104
5658,2113
5659,2112
5660,2113
5661,2111
5662,2110
5663,2107
5664,2106
5665,2101
5666,2095
5667,2104
5668,2104
5669,2102
5670,2104
5671,2110
5672,2105
5673,2102
5674,2111
5675,2100
5676,2112
5677,2104
5678,2109
5679,2112
5680,2110
5681,2105
5682,2107
5683,2104
5684,2107
5685,2101
5686,2107
5687,2102
5688,2109
5689,2107
5690,2100
5691,2113
5692,2106
5693,2111
5694,2111
5695,2110
5696,2111
5697,2112
5698,2111
5699,2108
5700,2105
5701,2102
5702,2104
5703,2104
5704,2105
5705,2105
5706,2107
5707,2105
5708,2098
5709,2104
5710,2112
5711,2109
5712,2109
5713,2116
5714,2109
5715,2102
5716,2103
5717,2107
5718,2104
5719,2102
5720,2104
5721,2104
5722,2103
5723,2104
5724,2106
5725,2105
5726,2103
5727,2112
5728,2115
5729,2109
5730,2110
5731,2110
5732,2112
5733,2098
5734,2108
5735,2104
5736,2107
5737,2102
5738,2104
5739,2103
5740,2101
5741,2104
5742,2101
5743,2103
5744,2118
5745,2110
5746,2112
5747,2119
5748,2111
5749,2111
5750,2109
5751,2109
5752,2106
5753,2106
5754,2105
5755,2102
5756,2104
5757,2104
5758,2105
5759,2104
5760,2107
5761,2104
5762,2070
5763,2116
5764,2110
5765,2113
5766,2114
5767,2110
5768,2108
5769,2116
5770,2108
5771,2107
5772,2116
5773,2104
5774,2102
5775,2106
5776,2105
5777,2110
5778,2108
5779,2101
5780,2105
5781,2111
5782,2110
5783,2111
5784,2112
5785,2109
5786,2113
5787,2108
5788,2107
5789,2103
5790,2104
5791,2103
5792,2104
5793,2103
5794,2101
5795,2105
5796,2111
5797,2114
5798,2107
5799,2114
5800,2112
5801,2110
5802,2110
5803,2110
5804,2108
5805,2105
5806,2106
5807,2104
5808,2103
5809,2102
5810,2105
5811,2100
5812,2104
5813,2106
5814,2117
5815,2100
5816,2113
5817,2108
5818,2112
5819,2113
5820,2119
5821,2110
5822,2108
5823,2106
5824,2104
5825,2112
5826,2105
5827,2104
5828,2104
5829,2104
5830,2108
5831,2104
5832,2110
5833,2105
5834,2109
5835,2109
5836,2112
5837,2110
5838,2110
5839,2108
5840,2110
5841,2105
5842,2103
5843,2103
5844,2106
5845,2104
5846,2103
5847,2101
5848,2105
5849,2107
5850,2111
5851,2107
5852,2110
5853,2111
5854,2105
5855,2112
5856,2111
5857,2108
5858,2106
5859,2107
5860,2108
5861,2101
5862,2103
5863,2099
5864,2102
5865,2103
5866,2106
5867,2104
5868,2110
5869,2107
5870,2112
5871,2112
5872,2112
5873,2104
5874,2110
5875,2108
5876,2106
5877,2087
5878,2098
5879,2098
5880,2102
5881,2102
5882,2104
5883,2107
5884,2126
5885,2106
5886,2114
5887,2108
5888,2113
5889,2112
5890,2112
5891,2109
5892,2109
5893,2110
5894,2104
5895,2103
5896,2104
5897,2104
5898,2102
5899,2102
5900,2103
5901,2104
5902,2104
5903,2065
5904,2102
5905,2108
5906,2111
5907,2110
5908,2110
5909,2110
5910,2107
5911,2103
5912,2104
5913,2135
5914,2103
5915,2104
5916,2104
5917,2106
5918,2097
5919,2101
5920,2109
5921,2102
5922,2096
5923,2120
5924,2105
5925,2108
5926,2111
5927,2109
5928,2107
5929,2106
5930,2107
5931,2100
5932,2102
5933,2103
5934,2105
5935,2106
5936,2104
5937,2114
5938,2107
5939,2106
5940,2113
5941,2111
5942,2110
5943,2111
5944,2111
5945,2105
5946,2107
5947,2102
5948,2102
5949,2102
5950,2101
5951,2102
5952,2102
5953,2104
5954,2108
5955,2101
5956,2078
5957,2110
5958,2110
5959,2109
5960,2114
5961,2105
5962,2107
5963,2109
5964,2108
5965,2103
5966,2097
5967,2104
5968,2105
5969,2105
5970,2104
5971,2104
5972,2107
5973,2103
5974,2118
5975,2096
5976,2110
5977,2110
5978,2108
5979,2110
5980,2114
5981,2105
5982,2104
5983,2102
5984,2108
5985,2099
5986,2103
5987,2101
5988,2105
5989,2108
5990,2093
5991,2106
5992,2122
5993,2108
5994,2112
5995,2110
5996,2109
5997,2111
5998,2108
5999,2106

