Seconds,Torque
0,2100
1,2106
2,2101
3,2098
4,2102
5,2100
6,2100
7,2098
8,2102
9,2099
10,2099
11,2099
12,2100
13,2107
14,2083
15,2115
16,2101
17,2105
18,2105
19,2104
20,2105
21,2103
22,2094
23,2114
24,2102
25,2102
26,2104
27,2103
28,2100
29,2105
30,2108
31,2106
32,2103
33,2098
34,2050
35,2104
36,2105
37,2109
38,2104
39,2114
40,2103
41,2106
42,2105
43,2104
44,2110
45,2106
46,2104
47,2104
48,2105
49,2106
50,2106
51,2106
52,2116
53,2100
54,2106
55,2112
56,2109
57,2108
58,2109
59,2104
60,2105
61,2108
62,2109
63,2110
64,2107
65,2105
66,2107
67,2091
68,2102
69,2097
70,2109
71,2108
72,2110
73,2108
74,2108
75,2083
76,2102
77,2105
78,2106
79,2103
80,2105
81,2106
82,2110
83,2107
84,2108
85,2103
86,2104
87,2085
88,2109
89,2109
90,2109
91,2109
92,2110
93,2105
94,2108
95,2110
96,2104
97,2106
98,2108
99,2105
100,2104
101,2105
102,2105
103,2108
104,2097
105,2112
106,2108
107,2107
108,2110
109,2108
110,2108
111,2107
112,2107
113,2108
114,2110
115,2105
116,2094
117,2106
118,2108
119,2110
120,2102
121,2108
122,2113
123,2108
124,2112
125,2110
126,2105
127,2107
128,2108
129,2104
130,2109
131,2108
132,2104
133,2108
134,2108
135,2104
136,2108
137,2109
138,2107
139,2111
140,2102
141,2108
142,2108
143,2108
144,2112
145,2117
146,2111
147,2110
148,2105
149,2105
150,2100
151,2106
152,2105
153,2106
154,2104
155,2106
156,2104
157,2089
158,2109
159,2111
160,2109
161,2110
162,2109
163,2110
164,2040
165,2109
166,2108
167,2109
168,2104
169,2110
170,2105
171,2106
172,2108
173,2111
174,2106
175,2110
176,2112
177,2111
178,2110
179,2106
180,2099
181,2110
182,2109
183,2108
184,2104
185,2105
186,2101
187,2108
188,2107
189,2113
190,2109
191,2114
192,2105
193,2110
194,2111
195,2108
196,2110
197,2109
198,2109
199,2110
200,2111
201,2108
202,2110
203,2103
204,2104
205,2105
206,2106
207,2107
208,2097
209,2087
210,2108
211,2110
212,2108
213,2109
214,2112
215,2106
216,2105
217,2077
218,2109
219,2109
220,2108
221,2106
222,2105
223,2111
224,2105
225,2113
226,2112
227,2108
228,2108
229,2122
230,2110
231,2109
232,2109
233,2108
234,2109
235,2111
236,2108
237,2109
238,2107
239,2105
240,2101
241,2107
242,2106
243,2110
244,2110
245,2118
246,2105
247,2107
248,2106
249,2109
250,2111
251,2106
252,2107
253,2108
254,2107
255,2109
256,2108
257,2106
258,2100
259,2104
260,2098
261,2107
262,2120
263,2109
264,2108
265,2109
266,2113
267,2110
268,2108
269,2104
270,2132
271,2109
272,2110
273,2104
274,2108
275,2106
276,2105
277,2108
278,2109
279,2108
280,2103
281,2100
282,2109
283,2105
284,2110
285,2108
286,2110
287,2108
288,2105
289,2104
290,2105
291,2108
292,2104
293,2106
294,2104
295,2106
296,2106
297,2107
298,2113
299,2103
300,2111
301,2109
302,2108
303,2111
304,2111
305,2108
306,2105
307,2106
308,2106
309,2098
310,2106
311,2107
312,2103
313,2112
314,2156
315,2132
316,2104
317,2108
318,2110
319,2110
320,2110
321,2095
322,2109
323,2113
324,2108
325,2108
326,2105
327,2105
328,2106
329,2109
330,2110
331,2116
332,2106
333,2102
334,2054
335,2108
336,2113
337,2109
338,2109
339,2112
340,2110
341,2107
342,2108
343,2106
344,2109
345,2106
346,2105
347,2105
348,2110
349,2106
350,2108
351,2108
352,2106
353,2111
354,2110
355,2109
356,2108
357,2107
358,2108
359,2109
360,2105
361,2110
362,2107
363,2107
364,2108
365,2107
366,2104
367,2144
368,2099
369,2118
370,2108
371,2107
372,2111
373,2109
374,2105
375,2108
376,2102
377,2108
378,2105
379,2111
380,2108
381,2104
382,2109
383,2104
384,2108
385,2105
386,2111
387,2108
388,2112
389,2108
390,2112
391,2111
392,2126
393,2107
394,2108
395,2107
396,2105
397,2107
398,2108
399,2106
400,2109
401,2104
402,2109
403,2110
404,2103
405,2108
406,2108
407,2110
408,2108
409,2105
410,2108
411,2108
412,2108
413,2105
414,2107
415,2106
416,2107
417,2108
418,2109
419,2111
420,2098
421,2105
422,2106
423,2110
424,2110
425,2107
426,2110
427,2109
428,2111
429,2102
430,2109
431,2109
432,2104
433,2101
434,2108
435,2105
436,2111
437,2109
438,2106
439,2096
440,2109
441,2108
442,2112
443,2121
444,2108
445,2110
446,2107
447,2104
448,2108
449,2105
450,2112
451,2106
452,2110
453,2087
454,2105
455,2106
456,2103
457,2112
458,2108
459,2110
460,2111
461,2107
462,2106
463,2113
464,2044
465,2109
466,2108
467,2109
468,2105
469,2106
470,2106
471,2106
472,2105
473,2094
474,2102
475,2108
476,2107
477,2106
478,2110
479,2108
480,2110
481,2108
482,2113
483,2108
484,2098
485,2105
486,2106
487,2107
488,2105
489,2108
490,2110
491,2107
492,2104
493,2113
494,2109
495,2107
496,2110
497,2108
498,2108
499,2108
500,2109
501,2109
502,2107
503,2106
504,2106
505,2102
506,2106
507,2107
508,2104
509,2082
510,2103
511,2108
512,2109
513,2107
514,2110
515,2110
516,2108
517,2118
518,2109
519,2107
520,2111
521,2110
522,2107
523,2108
524,2107
525,2110
526,2118
527,2109
528,2137
529,2109
530,2109
531,2111
532,2111
533,2109
534,2108
535,2111
536,2110
537,2110
538,2106
539,2105
540,2109
541,2110
542,2108
543,2111
544,2112
545,2087
546,2107
547,2110
548,2110
549,2108
550,2110
551,2105
552,2110
553,2108
554,2107
555,2108
556,2108
557,2107
558,2106
559,2108
560,2108
561,2105
562,2105
563,2104
564,2110
565,2111
566,2111
567,2109
568,2108
569,2107
570,2110
571,2105
572,2107
573,2105
574,2106
575,2103
576,2105
577,2105
578,2112
579,2110
580,2108
581,2131
582,2111
583,2106
584,2111
585,2106
586,2093
587,2108
588,2105
589,2104
590,2103
591,2106
592,2104
593,2101
594,2102
595,2110
596,2112
597,2108
598,2107
599,2110
600,2107
601,2108
602,2109
603,2108
604,2109
605,2112
606,2109
607,2106
608,2105
609,2107
610,2110
611,2105
612,2104
613,2109
614,2176
615,2108
616,2108
617,2105
618,2109
619,2112
620,2109
621,2110
622,2110
623,2117
624,2108
625,2106
626,2108
627,2108
628,2107
629,2107
630,2108
631,2111
632,2100
633,2111
634,2107
635,2110
636,2109
637,2115
638,2111
639,2108
640,2106
641,2106
642,2105
643,2107
644,2105
645,2108
646,2105
647,2108
648,2119
649,2101
650,2108
651,2101
652,2109
653,2117
654,2111
655,2109
656,2110
657,2110
658,2097
659,2107
660,2107
661,2108
662,2108
663,2105
664,2107
665,2108
666,2113
667,2134
668,2103
669,2119
670,2108
671,2100
672,2108
673,2102
674,2108
675,2105
676,2097
677,2110
678,2107
679,2105
680,2105
681,2106
682,2106
683,2107
684,2107
685,2101
686,2105
687,2120
688,2112
689,2105
690,2111
691,2108
692,2108
693,2109
694,2110
695,2107
696,2108
697,2106
698,2105
699,2104
700,2106
701,2104
702,2107
703,2110
704,2102
705,2113
706,2107
707,2108
708,2108
709,2106
710,2108
711,2111
712,2108
713,2105
714,2106
715,2104
716,2108
717,2108
718,2108
719,2111
720,2108
721,2111
722,2110
723,2109
724,2114
725,2111
726,2114
727,2108
728,2104
729,2103
730,2110
731,2106
732,2104
733,2110
734,2106
735,2105
736,2105
737,2108
738,2111
739,2101
740,2101
741,2108
742,2106
743,2113
744,2104
745,2111
746,2108
747,2108
748,2106
749,2105
750,2107
751,2107
752,2106
753,2107
754,2106
755,2107
756,2104
757,2109
758,2108
759,2111
760,2110
761,2110
762,2108
763,2109
764,2143
765,2108
766,2102
767,2103
768,2110
769,2103
770,2104
771,2104
772,2110
773,2102
774,2105
775,2105
776,2118
777,2106
778,2108
779,2107
780,2108
781,2100
782,2111
783,2107
784,2103
785,2108
786,2104
787,2106
788,2105
789,2109
790,2109
791,2105
792,2110
793,2115
794,2111
795,2108
796,2109
797,2110
798,2109
799,2109
800,2108
801,2108
802,2108
803,2107
804,2106
805,2109
806,2108
807,2110
808,2104
809,2083
810,2098
811,2113
812,2108
813,2110
814,2112
815,2110
816,2105
817,2124
818,2107
819,2106
820,2104
821,2108
822,2101
823,2107
824,2108
825,2105
826,2112
827,2105
828,2072
829,2110
830,2109
831,2108
832,2121
833,2109
834,2109
835,2111
836,2107
837,2108
838,2106
839,2108
840,2107
841,2111
842,2108
843,2110
844,2110
845,2098
846,2106
847,2109
848,2108
849,2111
850,2110
851,2108
852,2108
853,2107
854,2109
855,2108
856,2102
857,2104
858,2104
859,2108
860,2108
861,2106
862,2106
863,2110
864,2108
865,2110
866,2109
867,2110
868,2110
869,2108
870,2111
871,2108
872,2095
873,2109
874,2108
875,2108
876,2105
877,2108
878,2112
879,2111
880,2105
881,2111
882,2108
883,2108
884,2112
885,2110
886,2111
887,2106
888,2106
889,2109
890,2108
891,2107
892,2116
893,2110
894,2100
895,2110
896,2110
897,2107
898,2105
899,2109
900,2108
901,2108
902,2111
903,2108
904,2109
905,2108
906,2108
907,2110
908,2105
909,2108
910,2107
911,2107
912,2105
913,2104
914,2066
915,2130
916,2109
917,2108
918,2107
919,2112
920,2110
921,2110
922,2108
923,2116
924,2110
925,2101
926,2109
927,2106
928,2106
929,2106
930,2109
931,2105
932,2106
933,2107
934,2087
935,2110
936,2109
937,2108
938,2109
939,2110
940,2110
941,2110
942,2106
943,2102
944,2108
945,2101
946,2106
947,2103
948,2106
949,2105
950,2108
951,2110
952,2110
953,2108
954,2113
955,2108
956,2108
957,2108
958,2109
959,2105
960,2111
961,2107
962,2105
963,2105
964,2107
965,2109
966,2112
967,2092
968,2108
969,2108
970,2116
971,2110
972,2111
973,2111
974,2113
975,2108
976,2105
977,2105
978,2107
979,2108
980,2106
981,2107
982,2108
983,2109
984,2105
985,2103
986,2102
987,2117
988,2110
989,2107
990,2106
991,2109
992,2112
993,2108
994,2110
995,2107
996,2098
997,2109
998,2107
999,2107
1000,2106
1001,2113
1002,2108
1003,2107
1004,2109
1005,2120
1006,2105
1007,2106
1008,2108
1009,2111
1010,2108
1011,2110
1012,2108
1013,2107
1014,2108
1015,2108
1016,2105
1017,2115
1018,2107
1019,2110
1020,2110
1021,2106
1022,2104
1023,2107
1024,2113
1025,2105
1026,2111
1027,2108
1028,2111
1029,2103
1030,2108
1031,2107
1032,2104
1033,2103
1034,2106
1035,2106
1036,2108
1037,2106
1038,2107
1039,2096
1040,2109
1041,2110
1042,2110
1043,2108
1044,2110
1045,2110
1046,2106
1047,2105
1048,2113
1049,2106
1050,2105
1051,2105
1052,2106
1053,2106
1054,2105
1055,2107
1056,2105
1057,2102
1058,2105
1059,2103
1060,2108
1061,2111
1062,2107
1063,2110
1064,2092
1065,2107
1066,2105
1067,2105
1068,2107
1069,2109
1070,2105
1071,2107
1072,2114
1073,2103
1074,2110
1075,2109
1076,2109
1077,2110
1078,2110
1079,2112
1080,2102
1081,2107
1082,2109
1083,2106
1084,2107
1085,2105
1086,2106
1087,2106
1088,2111
1089,2110
1090,2109
1091,2106
1092,2104
1093,2113
1094,2110
1095,2110
1096,2109
1097,2110
1098,2110
1099,2111
1100,2105
1101,2105
1102,2108
1103,2107
1104,2103
1105,2104
1106,2106
1107,2105
1108,2105
1109,2096
1110,2103
1111,2111
1112,2105
1113,2109
1114,2111
1115,2111
1116,2108
1117,2109
1118,2106
1119,2104
1120,2108
1121,2109
1122,2105
1123,2108
1124,2108
1125,2108
1126,2120
1127,2112
1128,2113
1129,2111
1130,2110
1131,2108
1132,2109
1133,2106
1134,2106
1135,2108
1136,2107
1137,2110
1138,2105
1139,2104
1140,2107
1141,2104
1142,2109
1143,2106
1144,2110
1145,2112
1146,2100
1147,2108
1148,2110
1149,2105
1150,2104
1151,2110
1152,2105
1153,2106
1154,2103
1155,2105
1156,2106
1157,2105
1158,2106
1159,2105
1160,2100
1161,2107
1162,2102
1163,2104
1164,2105
1165,2108
1166,2107
1167,2109
1168,2110
1169,2108
1170,2098
1171,2108
1172,2101
1173,2107
1174,2102
1175,2105
1176,2108
1177,2112
1178,2112
1179,2108
1180,2104
1181,2119
1182,2116
1183,2109
1184,2109
1185,2111
1186,2108
1187,2109
1188,2110
1189,2110
1190,2105
1191,2109
1192,2104
1193,2113
1194,2107
1195,2106
1196,2106
1197,2108
1198,2107
1199,2112
1200,2108
1201,2113
1202,2109
1203,2113
1204,2110
1205,2108
1206,2106
1207,2108
1208,2109
1209,2105
1210,2105
1211,2106
1212,2107
1213,2101
1214,2072
1215,2119
1216,2108
1217,2110
1218,2107
1219,2109
1220,2110
1221,2111
1222,2110
1223,2101
1224,2104
1225,2108
1226,2107
1227,2106
1228,2111
1229,2106
1230,2105
1231,2109
1232,2106
1233,2117
1234,2159
1235,2108
1236,2110
1237,2114
1238,2109
1239,2109
1240,2110
1241,2107
1242,2110
1243,2106
1244,2100
1245,2106
1246,2105
1247,2107
1248,2107
1249,2105
1250,2108
1251,2112
1252,2120
1253,2110
1254,2100
1255,2106
1256,2112
1257,2111
1258,2108
1259,2109
1260,2107
1261,2109
1262,2100
1263,2108
1264,2107
1265,2108
1266,2112
1267,2104
1268,2105
1269,2122
1270,2118
1271,2108
1272,2108
1273,2104
1274,2111
1275,2103
1276,2110
1277,2107
1278,2104
1279,2106
1280,2104
1281,2104
1282,2104
1283,2117
1284,2108
1285,2110
1286,2105
1287,2130
1288,2109
1289,2105
1290,2109
1291,2110
1292,2108
1293,2108
1294,2110
1295,2111
1296,2107
1297,2112
1298,2108
1299,2108
1300,2107
1301,2105
1302,2105
1303,2109
1304,2114
1305,2110
1306,2108
1307,2108
1308,2110
1309,2110
1310,2106
1311,2107
1312,2105
1313,2105
1314,2109
1315,2108
1316,2107
1317,2109
1318,2109
1319,2107
1320,2105
1321,2110
1322,2109
1323,2107
1324,2110
1325,2111
1326,2120
1327,2105
1328,2111
1329,2107
1330,2110
1331,2104
1332,2105
1333,2106
1334,2107
1335,2107
1336,2109
1337,2110
1338,2108
1339,2106
1340,2108
1341,2111
1342,2109
1343,2111
1344,2109
1345,2119
1346,2109
1347,2110
1348,2108
1349,2104
1350,2105
1351,2106
1352,2100
1353,2107
1354,2117
1355,2112
1356,2112
1357,2112
1358,2113
1359,2107
1360,2108
1361,2110
1362,2108
1363,2109
1364,2104
1365,2106
1366,2112
1367,2113
1368,2110
1369,2104
1370,2105
1371,2110
1372,2114
1373,2105
1374,2108
1375,2111
1376,2112
1377,2110
1378,2101
1379,2109
1380,2108
1381,2109
1382,2106
1383,2105
1384,2106
1385,2106
1386,2101
1387,2105
1388,2115
1389,2105
1390,2110
1391,2113
1392,2103
1393,2108
1394,2107
1395,2110
1396,2110
1397,2104
1398,2107
1399,2112
1400,2106
1401,2107
1402,2107
1403,2104
1404,2105
1405,2105
1406,2105
1407,2112
1408,2108
1409,2109
1410,2108
1411,2109
1412,2110
1413,2110
1414,2110
1415,2109
1416,2108
1417,2118
1418,2108
1419,2087
1420,2110
1421,2107
1422,2106
1423,2096
1424,2108
1425,2108
1426,2108
1427,2111
1428,2062
1429,2107
1430,2111
1431,2108
1432,2110
1433,2109
1434,2108
1435,2084
1436,2110
1437,2108
1438,2110
1439,2105
1440,2096
1441,2104
1442,2108
1443,2106
1444,2112
1445,2119
1446,2101
1447,2112
1448,2110
1449,2110
1450,2098
1451,2108
1452,2109
1453,2111
1454,2108
1455,2107
1456,2105
1457,2105
1458,2108
1459,2109
1460,2108
1461,2119
1462,2106
1463,2109
1464,2110
1465,2109
1466,2108
1467,2112
1468,2110
1469,2104
1470,2090
1471,2103
1472,2105
1473,2108
1474,2104
1475,2106
1476,2097
1477,2103
1478,2111
1479,2111
1480,2102
1481,2108
1482,2110
1483,2112
1484,2110
1485,2113
1486,2109
1487,2108
1488,2104
1489,2105
1490,2112
1491,2105
1492,2103
1493,2106
1494,2104
1495,2107
1496,2107
1497,2110
1498,2105
1499,2109
1500,2108
1501,2111
1502,2113
1503,2107
1504,2112
1505,2110
1506,2103
1507,2105
1508,2104
1509,2106
1510,2103
1511,2106
1512,2110
1513,2104
1514,2126
1515,2107
1516,2109
1517,2109
1518,2109
1519,2112
1520,2110
1521,2110
1522,2112
1523,2100
1524,2106
1525,2112
1526,2106
1527,2105
1528,2104
1529,2108
1530,2105
1531,2107
1532,2106
1533,2104
1534,2161
1535,2108
1536,2108
1537,2110
1538,2105
1539,2108
1540,2108
1541,2104
1542,2105
1543,2104
1544,2111
1545,2106
1546,2102
1547,2108
1548,2109
1549,2110
1550,2110
1551,2108
1552,2105
1553,2103
1554,2109
1555,2114
1556,2109
1557,2102
1558,2109
1559,2108
1560,2109
1561,2106
1562,2106
1563,2108
1564,2107
1565,2108
1566,2111
1567,2103
1568,2103
1569,2111
1570,2109
1571,2110
1572,2114
1573,2109
1574,2103
1575,2105
1576,2112
1577,2108
1578,2105
1579,2108
1580,2108
1581,2107
1582,2106
1583,2106
1584,2113
1585,2109
1586,2110
1587,2137
1588,2107
1589,2106
1590,2108
1591,2111
1592,2113
1593,2112
1594,2107
1595,2101
1596,2105
1597,2108
1598,2106
1599,2106
1600,2105
1601,2102
1602,2105
1603,2102
1604,2125
1605,2113
1606,2109
1607,2108
1608,2110
1609,2108
1610,2106
1611,2105
1612,2108
1613,2107
1614,2105
1615,2135
1616,2109
1617,2107
1618,2110
1619,2105
1620,2120
1621,2111
1622,2110
1623,2109
1624,2104
1625,2110
1626,2111
1627,2109
1628,2110
1629,2109
1630,2106
1631,2107
1632,2104
1633,2106
1634,2108
1635,2108
1636,2114
1637,2106
1638,2104
1639,2119
1640,2106
1641,2109
1642,2111
1643,2103
1644,2114
1645,2105
1646,2108
1647,2105
1648,2109
1649,2104
1650,2104
1651,2108
1652,2105
1653,2107
1654,2106
1655,2108
1656,2109
1657,2100
1658,2109
1659,2110
1660,2108
1661,2110
1662,2109
1663,2110
1664,2126
1665,2110
1666,2105
1667,2105
1668,2110
1669,2105
1670,2107
1671,2108
1672,2110
1673,2108
1674,2107
1675,2108
1676,2118
1677,2110
1678,2110
1679,2108
1680,2104
1681,2109
1682,2107
1683,2106
1684,2104
1685,2108
1686,2103
1687,2105
1688,2105
1689,2105
1690,2104
1691,2103
1692,2113
1693,2108
1694,2109
1695,2113
1696,2107
1697,2107
1698,2106
1699,2115
1700,2104
1701,2107
1702,2103
1703,2104
1704,2105
1705,2106
1706,2107
1707,2109
1708,2112
1709,2120
1710,2102
1711,2105
1712,2111
1713,2101
1714,2112
1715,2108
1716,2108
1717,2119
1718,2105
1719,2105
1720,2097
1721,2109
1722,2103
1723,2104
1724,2105
1725,2103
1726,2105
1727,2110
1728,2090
1729,2106
1730,2105
1731,2105
1732,2110
1733,2109
1734,2108
1735,2107
1736,2108
1737,2108
1738,2105
1739,2111
1740,2107
1741,2103
1742,2104
1743,2103
1744,2104
1745,2105
1746,2104
1747,2111
1748,2106
1749,2106
1750,2113
1751,2110
1752,2105
1753,2105
1754,2107
1755,2106
1756,2105
1757,2105
1758,2111
1759,2109
1760,2105
1761,2112
1762,2103
1763,2110
1764,2110
1765,2110
1766,2108
1767,2106
1768,2108
1769,2108
1770,2091
1771,2106
1772,2108
1773,2112
1774,2108
1775,2106
1776,2105
1777,2109
1778,2110
1779,2105
1780,2113
1781,2099
1782,2113
1783,2133
1784,2107
1785,2108
1786,2108
1787,2107
1788,2110
1789,2108
1790,2102
1791,2104
1792,2104
1793,2100
1794,2105
1795,2109
1796,2110
1797,2105
1798,2112
1799,2103
1800,2115
1801,2111
1802,2110
1803,2110
1804,2109
1805,2107
1806,2105
1807,2108
1808,2105
1809,2102
1810,2102
1811,2099
1812,2108
1813,2098
1814,2078
1815,2094
1816,2108
1817,2109
1818,2110
1819,2109
1820,2107
1821,2111
1822,2110
1823,2096
1824,2102
1825,2103
1826,2103
1827,2105
1828,2105
1829,2103
1830,2105
1831,2100
1832,2109
1833,2118
1834,2166
1835,2106
1836,2113
1837,2110
1838,2111
1839,2108
1840,2111
1841,2108
1842,2103
1843,2105
1844,2105
1845,2119
1846,2105
1847,2105
1848,2106
1849,2106
1850,2106
1851,2108
1852,2108
1853,2114
1854,2108
1855,2112
1856,2109
1857,2110
1858,2109
1859,2105
1860,2111
1861,2105
1862,2104
1863,2105
1864,2106
1865,2107
1866,2107
1867,2096
1868,2102
1869,2101
1870,2107
1871,2106
1872,2112
1873,2110
1874,2110
1875,2107
1876,2112
1877,2114
1878,2101
1879,2105
1880,2106
1881,2106
1882,2106
1883,2108
1884,2109
1885,2110
1886,2110
1887,2106
1888,2110
1889,2110
1890,2107
1891,2110
1892,2103
1893,2108
1894,2110
1895,2105
1896,2110
1897,2103
1898,2105
1899,2106
1900,2102
1901,2106
1902,2105
1903,2106
1904,2097
1905,2105
1906,2108
1907,2105
1908,2111
1909,2112
1910,2107
1911,2115
1912,2108
1913,2110
1914,2109
1915,2110
1916,2103
1917,2102
1918,2106
1919,2102
1920,2118
1921,2102
1922,2112
1923,2108
1924,2110
1925,2105
1926,2109
1927,2110
1928,2110
1929,2112
1930,2107
1931,2105
1932,2105
1933,2104
1934,2104
1935,2107
1936,2107
1937,2105
1938,2104
1939,2098
1940,2107
1941,2111
1942,2111
1943,2114
1944,2107
1945,2106
1946,2109
1947,2109
1948,2108
1949,2107
1950,2107
1951,2106
1952,2102
1953,2106
1954,2109
1955,2110
1956,2106
1957,2105
1958,2108
1959,2109
1960,2110
1961,2108
1962,2108
1963,2111
1964,2120
1965,2105
1966,2105
1967,2105
1968,2107
1969,2107
1970,2107
1971,2104
1972,2109
1973,2114
1974,2098
1975,2108
1976,2107
1977,2108
1978,2114
1979,2110
1980,2109
1981,2109
1982,2105
1983,2106
1984,2112
1985,2108
1986,2102
1987,2105
1988,2106
1989,2106
1990,2098
1991,2104
1992,2108
1993,2109
1994,2110
1995,2112
1996,2108
1997,2107
1998,2105
1999,2108
2000,2110
2001,2107
2002,2106
2003,2107
2004,2103
2005,2108
2006,2109
2007,2105
2008,2108
2009,2129
2010,2115
2011,2108
2012,2110
2013,2111
2014,2111
2015,2110
2016,2107
2017,2109
2018,2103
2019,2102
2020,2108
2021,2107
2022,2105
2023,2104
2024,2105
2025,2114
2026,2108
2027,2110
2028,2108
2029,2103
2030,2107
2031,2110
2032,2108
2033,2108
2034,2106
2035,2107
2036,2107
2037,2114
2038,2104
2039,2105
2040,2108
2041,2106
2042,2105
2043,2107
2044,2110
2045,2108
2046,2096
2047,2108
2048,2113
2049,2108
2050,2112
2051,2108
2052,2112
2053,2109
2054,2106
2055,2110
2056,2105
2057,2105
2058,2107
2059,2096
2060,2112
2061,2106
2062,2119
2063,2107
2064,2106
2065,2110
2066,2113
2067,2109
2068,2110
2069,2112
2070,2105
2071,2107
2072,2104
2073,2104
2074,2108
2075,2111
2076,2104
2077,2105
2078,2108
2079,2107
2080,2104
2081,2106
2082,2110
2083,2109
2084,2109
2085,2109
2086,2112
2087,2110
2088,2111
2089,2110
2090,2116
2091,2106
2092,2105
2093,2107
2094,2103
2095,2108
2096,2112
2097,2109
2098,2107
2099,2110
2100,2109
2101,2112
2102,2110
2103,2110
2104,2111
2105,2106
2106,2101
2107,2107
2108,2101
2109,2106
2110,2106
2111,2089
2112,2108
2113,2102
2114,2096
2115,2084
2116,2118
2117,2108
2118,2110
2119,2108
2120,2097
2121,2108
2122,2108
2123,2103
2124,2104
2125,2106
2126,2104
2127,2108
2128,2134
2129,2108
2130,2102
2131,2099
2132,2107
2133,2092
2134,2110
2135,2109
2136,2108
2137,2110
2138,2108
2139,2108
2140,2104
2141,2108
2142,2105
2143,2116
2144,2106
2145,2108
2146,2114
2147,2107
2148,2105
2149,2109
2150,2108
2151,2111
2152,2113
2153,2112
2154,2105
2155,2110
2156,2110
2157,2109
2158,2109
2159,2108
2160,2111
2161,2108
2162,2104
2163,2105
2164,2105
2165,2108
2166,2110
2167,2110
2168,2109
2169,2110
2170,2109
2171,2109
2172,2108
2173,2107
2174,2110
2175,2125
2176,2119
2177,2107
2178,2105
2179,2108
2180,2105
2181,2108
2182,2105
2183,2107
2184,2106
2185,2115
2186,2116
2187,2121
2188,2110
2189,2108
2190,2106
2191,2113
2192,2108
2193,2107
2194,2105
2195,2107
2196,2105
2197,2106
2198,2125
2199,2110
2200,2106
2201,2106
2202,2105
2203,2107
2204,2105
2205,2104
2206,2108
2207,2112
2208,2109
2209,2109
2210,2106
2211,2108
2212,2110
2213,2108
2214,2103
2215,2106
2216,2102
2217,2106
2218,2108
2219,2100
2220,2114
2221,2104
2222,2104
2223,2110
2224,2109
2225,2110
2226,2107
2227,2111
2228,2100
2229,2114
2230,2108
2231,2108
2232,2105
2233,2108
2234,2107
2235,2106
2236,2111
2237,2106
2238,2104
2239,2111
2240,2102
2241,2109
2242,2110
2243,2112
2244,2111
2245,2109
2246,2108
2247,2108
2248,2110
2249,2103
2250,2106
2251,2105
2252,2105
2253,2108
2254,2106
2255,2109
2256,2109
2257,2108
2258,2110
2259,2108
2260,2124
2261,2110
2262,2110
2263,2112
2264,2106
2265,2105
2266,2108
2267,2103
2268,2105
2269,2103
2270,2105
2271,2106
2272,2108
2273,2108
2274,2112
2275,2110
2276,2108
2277,2119
2278,2111
2279,2111
2280,2105
2281,2109
2282,2106
2283,2107
2284,2106
2285,2104
2286,2106
2287,2105
2288,2105
2289,2110
2290,2105
2291,2100
2292,2113
2293,2105
2294,2106
2295,2110
2296,2114
2297,2107
2298,2108
2299,2107
2300,2108
2301,2102
2302,2108
2303,2108
2304,2105
2305,2108
2306,2109
2307,2106
2308,2109
2309,2127
2310,2112
2311,2108
2312,2110
2313,2110
2314,2107
2315,2110
2316,2108
2317,2105
2318,2108
2319,2104
2320,2106
2321,2108
2322,2101
2323,2108
2324,2108
2325,2102
2326,2103
2327,2106
2328,2104
2329,2109
2330,2110
2331,2106
2332,2112
2333,2106
2334,2108
2335,2107
2336,2084
2337,2108
2338,2105
2339,2108
2340,2105
2341,2108
2342,2109
2343,2103
2344,2106
2345,2114
2346,2104
2347,2106
2348,2110
2349,2107
2350,2106
2351,2106
2352,2104
2353,2104
2354,2096
2355,2105
2356,2117
2357,2110
2358,2105
2359,2110
2360,2105
2361,2110
2362,2105
2363,2112
2364,2106
2365,2108
2366,2099
2367,2116
2368,2110
2369,2109
2370,2106
2371,2107
2372,2104
2373,2108
2374,2108
2375,2108
2376,2098
2377,2109
2378,2106
2379,2106
2380,2113
2381,2084
2382,2108
2383,2110
2384,2110
2385,2110
2386,2109
2387,2106
2388,2108
2389,2108
2390,2104
2391,2107
2392,2105
2393,2104
2394,2104
2395,2106
2396,2111
2397,2109
2398,2108
2399,2105
2400,2110
2401,2111
2402,2107
2403,2109
2404,2108
2405,2109
2406,2100
2407,2110
2408,2103
2409,2098
2410,2105
2411,2106
2412,2105
2413,2099
2414,2114
2415,2082
2416,2109
2417,2111
2418,2109
2419,2107
2420,2112
2421,2109
2422,2109
2423,2102
2424,2106
2425,2108
2426,2107
2427,2107
2428,2109
2429,2112
2430,2112
2431,2101
2432,2110
2433,2101
2434,2096
2435,2112
2436,2108
2437,2112
2438,2110
2439,2107
2440,2121
2441,2104
2442,2106
2443,2113
2444,2104
2445,2104
2446,2106
2447,2107
2448,2104
2449,2112
2450,2106
2451,2100
2452,2111
2453,2110
2454,2109
2455,2112
2456,2109
2457,2107
2458,2113
2459,2107
2460,2106
2461,2108
2462,2106
2463,2109
2464,2108
2465,2108
2466,2110
2467,2104
2468,2112
2469,2110
2470,2108
2471,2110
2472,2085
2473,2110
2474,2109
2475,2121
2476,2114
2477,2105
2478,2103
2479,2107
2480,2112
2481,2109
2482,2104
2483,2109
2484,2110
2485,2115
2486,2111
2487,2132
2488,2111
2489,2108
2490,2109
2491,2110
2492,2103
2493,2105
2494,2105
2495,2108
2496,2104
2497,2105
2498,2104
2499,2108
2500,2110
2501,2105
2502,2105
2503,2105
2504,2099
2505,2125
2506,2111
2507,2110
2508,2110
2509,2109
2510,2100
2511,2108
2512,2106
2513,2105
2514,2108
2515,2104
2516,2102
2517,2106
2518,2105
2519,2110
2520,2112
2521,2110
2522,2109
2523,2109
2524,2108
2525,2111
2526,2100
2527,2108
2528,2109
2529,2110
2530,2109
2531,2105
2532,2105
2533,2106
2534,2103
2535,2104
2536,2107
2537,2101
2538,2102
2539,2101
2540,2103
2541,2110
2542,2110
2543,2108
2544,2100
2545,2111
2546,2114
2547,2105
2548,2106
2549,2105
2550,2103
2551,2104
2552,2108
2553,2106
2554,2104
2555,2106
2556,2111
2557,2107
2558,2109
2559,2120
2560,2110
2561,2107
2562,2109
2563,2110
2564,2117
2565,2106
2566,2106
2567,2107
2568,2102
2569,2104
2570,2109
2571,2112
2572,2106
2573,2108
2574,2112
2575,2103
2576,2108
2577,2110
2578,2108
2579,2111
2580,2114
2581,2110
2582,2105
2583,2108
2584,2105
2585,2105
2586,2105
2587,2104
2588,2106
2589,2110
2590,2105
2591,2102
2592,2110
2593,2112
2594,2112
2595,2108
2596,2110
2597,2109
2598,2108
2599,2110
2600,2110
2601,2107
2602,2105
2603,2104
2604,2101
2605,2106
2606,2105
2607,2105
2608,2109
2609,2136
2610,2108
2611,2107
2612,2112
2613,2113
2614,2110
2615,2113
2616,2104
2617,2099
2618,2105
2619,2109
2620,2107
2621,2105
2622,2107
2623,2109
2624,2110
2625,2109
2626,2105
2627,2110
2628,2074
2629,2110
2630,2109
2631,2113
2632,2112
2633,2106
2634,2099
2635,2109
2636,2107
2637,2106
2638,2111
2639,2105
2640,2105
2641,2107
2642,2105
2643,2103
2644,2108
2645,2098
2646,2111
2647,2109
2648,2111
2649,2111
2650,2111
2651,2110
2652,2106
2653,2106
2654,2111
2655,2108
2656,2109
2657,2104
2658,2104
2659,2106
2660,2104
2661,2116
2662,2099
2663,2110
2664,2108
2665,2111
2666,2109
2667,2111
2668,2110
2669,2109
2670,2108
2671,2108
2672,2103
2673,2106
2674,2105
2675,2106
2676,2107
2677,2106
2678,2107
2679,2110
2680,2113
2681,2094
2682,2111
2683,2122
2684,2092
2685,2110
2686,2112
2687,2109
2688,2110
2689,2107
2690,2106
2691,2108
2692,2103
2693,2106
2694,2103
2695,2108
2696,2107
2697,2104
2698,2112
2699,2105
2700,2113
2701,2107
2702,2109
2703,2108
2704,2110
2705,2105
2706,2100
2707,2106
2708,2104
2709,2105
2710,2105
2711,2111
2712,2105
2713,2108
2714,2098
2715,2087
2716,2106
2717,2109
2718,2111
2719,2109
2720,2108
2721,2106
2722,2111
2723,2110
2724,2106
2725,2109
2726,2109
2727,2104
2728,2105
2729,2109
2730,2105
2731,2108
2732,2110
2733,2110
2734,2106
2735,2110
2736,2108
2737,2112
2738,2108
2739,2110
2740,2112
2741,2106
2742,2106
2743,2104
2744,2105
2745,2107
2746,2108
2747,2105
2748,2106
2749,2108
2750,2105
2751,2110
2752,2130
2753,2108
2754,2109
2755,2114
2756,2110
2757,2105
2758,2108
2759,2108
2760,2108
2761,2104
2762,2110
2763,2103
2764,2102
2765,2108
2766,2107
2767,2114
2768,2135
2769,2110
2770,2109
2771,2109
2772,2109
2773,2117
2774,2112
2775,2110
2776,2108
2777,2101
2778,2108
2779,2107
2780,2104
2781,2107
2782,2108
2783,2106
2784,2104
2785,2111
2786,2111
2787,2123
2788,2111
2789,2110
2790,2108
2791,2111
2792,2107
2793,2108
2794,2105
2795,2107
2796,2106
2797,2105
2798,2106
2799,2108
2800,2110
2801,2105
2802,2108
2803,2109
2804,2103
2805,2112
2806,2110
2807,2110
2808,2105
2809,2106
2810,2107
2811,2107
2812,2111
2813,2108
2814,2103
2815,2110
2816,2106
2817,2104
2818,2108
2819,2101
2820,2110
2821,2108
2822,2105
2823,2110
2824,2110
2825,2107
2826,2109
2827,2106
2828,2105
2829,2104
2830,2106
2831,2114
2832,2108
2833,2111
2834,2098
2835,2108
2836,2109
2837,2107
2838,2104
2839,2102
2840,2100
2841,2111
2842,2110
2843,2110
2844,2114
2845,2112
2846,2107
2847,2106
2848,2107
2849,2107
2850,2105
2851,2105
2852,2105
2853,2111
2854,2107
2855,2107
2856,2113
2857,2110
2858,2110
2859,2110
2860,2108
2861,2108
2862,2110
2863,2108
2864,2081
2865,2112
2866,2107
2867,2108
2868,2106
2869,2106
2870,2105
2871,2103
2872,2107
2873,2102
2874,2105
2875,2109
2876,2109
2877,2109
2878,2110
2879,2110
2880,2110
2881,2105
2882,2108
2883,2108
2884,2106
2885,2108
2886,2113
2887,2108
2888,2105
2889,2107
2890,2104
2891,2105
2892,2112
2893,2110
2894,2108
2895,2110
2896,2111
2897,2106
2898,2103
2899,2108
2900,2105
2901,2108
2902,2106
2903,2104
2904,2103
2905,2108
2906,2108
2907,2108
2908,2104
2909,2127
2910,2116
2911,2109
2912,2113
2913,2110
2914,2108
2915,2112
2916,2110
2917,2106
2918,2108
2919,2108
2920,2103
2921,2105
2922,2108
2923,2107
2924,2108
2925,2107
2926,2110
2927,2109
2928,2145
2929,2109
2930,2110
2931,2112
2932,2119
2933,2108
2934,2108
2935,2106
2936,2107
2937,2105
2938,2107
2939,2105
2940,2104
2941,2104
2942,2105
2943,2105
2944,2107
2945,2091
2946,2113
2947,2114
2948,2109
2949,2111
2950,2110
2951,2107
2952,2106
2953,2108
2954,2109
2955,2107
2956,2105
2957,2104
2958,2108
2959,2108
2960,2072
2961,2118
2962,2090
2963,2110
2964,2108
2965,2111
2966,2113
2967,2114
2968,2109
2969,2108
2970,2120
2971,2108
2972,2105
2973,2110
2974,2104
2975,2104
2976,2105
2977,2108
2978,2107
2979,2112
2980,2115
2981,2109
2982,2109
2983,2111
2984,2112
2985,2109
2986,2109
2987,2106
2988,2100
2989,2106
2990,2106
2991,2104
2992,2105
2993,2107
2994,2104
2995,2106
2996,2110
2997,2108
2998,2112
2999,2090
3000,2109
3001,2110
3002,2108
3003,2112
3004,2109
3005,2106
3006,2106
3007,2105
3008,2104
3009,2108
3010,2105
3011,2108
3012,2105
3013,2106
3014,2101
3015,2097
3016,2112
3017,2108
3018,2109
3019,2114
3020,2108
3021,2113
3022,2110
3023,2119
3024,2104
3025,2108
3026,2105
3027,2107
3028,2104
3029,2141
3030,2098
3031,2103
3032,2105
3033,2106
3034,2072
3035,2111
3036,2108
3037,2112
3038,2110
3039,2109
3040,2111
3041,2105
3042,2103
3043,2117
3044,2109
3045,2104
3046,2105
3047,2101
3048,2104
3049,2113
3050,2104
3051,2107
3052,2111
3053,2109
3054,2110
3055,2113
3056,2108
3057,2110
3058,2106
3059,2108
3060,2105
3061,2103
3062,2104
3063,2107
3064,2106
3065,2108
3066,2104
3067,2125
3068,2114
3069,2096
3070,2111
3071,2111
3072,2108
3073,2111
3074,2106
3075,2111
3076,2096
3077,2107
3078,2104
3079,2105
3080,2104
3081,2104
3082,2106
3083,2106
3084,2107
3085,2107
3086,2106
3087,2116
3088,2110
3089,2113
3090,2110
3091,2110
3092,2108
3093,2109
3094,2105
3095,2106
3096,2105
3097,2106
3098,2119
3099,2105
3100,2108
3101,2108
3102,2104
3103,2109
3104,2105
3105,2112
3106,2112
3107,2108
3108,2110
3109,2112
3110,2111
3111,2107
3112,2105
3113,2106
3114,2105
3115,2103
3116,2106
3117,2106
3118,2106
3119,2103
3120,2089
3121,2109
3122,2110
3123,2109
3124,2111
3125,2110
3126,2112
3127,2110
3128,2112
3129,2102
3130,2108
3131,2102
3132,2103
3133,2106
3134,2100
3135,2107
3136,2107
3137,2106
3138,2102
3139,2104
3140,2102
3141,2108
3142,2112
3143,2110
3144,2108
3145,2112
3146,2111
3147,2110
3148,2104
3149,2102
3150,2106
3151,2103
3152,2103
3153,2109
3154,2108
3155,2107
3156,2123
3157,2112
3158,2110
3159,2108
3160,2108
3161,2107
3162,2109
3163,2108
3164,2087
3165,2108
3166,2089
3167,2106
3168,2123
3169,2104
3170,2105
3171,2105
3172,2103
3173,2102
3174,2108
3175,2110
3176,2109
3177,2109
3178,2111
3179,2111
3180,2108
3181,2110
3182,2106
3183,2107
3184,2106
3185,2104
3186,2104
3187,2105
3188,2105
3189,2106
3190,2112
3191,2102
3192,2111
3193,2109
3194,2109
3195,2116
3196,2111
3197,2109
3198,2104
3199,2102
3200,2105
3201,2106
3202,2106
3203,2107
3204,2103
3205,2104
3206,2105
3207,2107
3208,2105
3209,2121
3210,2107
3211,2111
3212,2108
3213,2108
3214,2110
3215,2112
3216,2108
3217,2091
3218,2105
3219,2108
3220,2114
3221,2105
3222,2108
3223,2105
3224,2104
3225,2105
3226,2114
3227,2108
3228,2148
3229,2110
3230,2110
3231,2111
3232,2110
3233,2104
3234,2104
3235,2109
3236,2110
3237,2107
3238,2106
3239,2105
3240,2106
3241,2105
3242,2105
3243,2106
3244,2108
3245,2098
3246,2107
3247,2113
3248,2108
3249,2112
3250,2108
3251,2108
3252,2108
3253,2108
3254,2103
3255,2108
3256,2105
3257,2105
3258,2104
3259,2108
3260,2108
3261,2111
3262,2074
3263,2111
3264,2107
3265,2105
3266,2099
3267,2114
3268,2108
3269,2108
3270,2119
3271,2108
3272,2106
3273,2105
3274,2109
3275,2104
3276,2104
3277,2105
3278,2116
3279,2117
3280,2116
3281,2096
3282,2111
3283,2130
3284,2112
3285,2112
3286,2112
3287,2107
3288,2108
3289,2108
3290,2109
3291,2104
3292,2104
3293,2106
3294,2105
3295,2106
3296,2112
3297,2108
3298,2106
3299,2110
3300,2106
3301,2109
3302,2110
3303,2106
3304,2110
3305,2109
3306,2105
3307,2104
3308,2110
3309,2103
3310,2109
3311,2105
3312,2110
3313,2108
3314,2137
3315,2104
3316,2118
3317,2108
3318,2107
3319,2107
3320,2109
3321,2108
3322,2110
3323,2128
3324,2105
3325,2106
3326,2108
3327,2105
3328,2106
3329,2103
3330,2108
3331,2105
3332,2103
3333,2100
3334,2074
3335,2105
3336,2106
3337,2106
3338,2110
3339,2108
3340,2108
3341,2103
3342,2107
3343,2106
3344,2104
3345,2105
3346,2107
3347,2104
3348,2105
3349,2113
3350,2109
3351,2105
3352,2102
3353,2109
3354,2108
3355,2109
3356,2109
3357,2112
3358,2108
3359,2109
3360,2107
3361,2108
3362,2104
3363,2107
3364,2108
3365,2108
3366,2103
3367,2128
3368,2112
3369,2101
3370,2111
3371,2105
3372,2110
3373,2110
3374,2109
3375,2106
3376,2104
3377,2100
3378,2107
3379,2108
3380,2108
3381,2108
3382,2107
3383,2106
3384,2110
3385,2110
3386,2111
3387,2114
3388,2107
3389,2109
3390,2105
3391,2109
3392,2107
3393,2110
3394,2111
3395,2104
3396,2109
3397,2107
3398,2105
3399,2106
3400,2107
3401,2104
3402,2105
3403,2108
3404,2111
3405,2111
3406,2112
3407,2108
3408,2107
3409,2112
3410,2112
3411,2100
3412,2096
3413,2108
3414,2106
3415,2105
3416,2104
3417,2108
3418,2107
3419,2105
3420,2099
3421,2110
3422,2114
3423,2113
3424,2114
3425,2111
3426,2111
3427,2108
3428,2109
3429,2108
3430,2106
3431,2107
3432,2105
3433,2108
3434,2104
3435,2110
3436,2107
3437,2104
3438,2110
3439,2110
3440,2109
3441,2110
3442,2110
3443,2111
3444,2111
3445,2108
3446,2106
3447,2110
3448,2105
3449,2095
3450,2103
3451,2107
3452,2106
3453,2105
3454,2108
3455,2108
3456,2107
3457,2111
3458,2108
3459,2110
3460,2109
3461,2109
3462,2109
3463,2110
3464,2120
3465,2104
3466,2108
3467,2109
3468,2103
3469,2105
3470,2105
3471,2105
3472,2103
3473,2100
3474,2108
3475,2109
3476,2109
3477,2114
3478,2112
3479,2110
3480,2109
3481,2110
3482,2109
3483,2104
3484,2105
3485,2105
3486,2107
3487,2105
3488,2104
3489,2111
3490,2110
3491,2116
3492,2111
3493,2103
3494,2108
3495,2111
3496,2111
3497,2108
3498,2108
3499,2108
3500,2109
3501,2105
3502,2106
3503,2105
3504,2106
3505,2105
3506,2105
3507,2105
3508,2117
3509,2100
3510,2112
3511,2108
3512,2112
3513,2106
3514,2110
3515,2065
3516,2116
3517,2104
3518,2105
3519,2106
3520,2103
3521,2104
3522,2104
3523,2106
3524,2106
3525,2099
3526,2116
3527,2107
3528,2090
3529,2110
3530,2106
3531,2116
3532,2108
3533,2109
3534,2108
3535,2112
3536,2107
3537,2110
3538,2106
3539,2104
3540,2106
3541,2108
3542,2108
3543,2102
3544,2104
3545,2107
3546,2110
3547,2111
3548,2107
3549,2114
3550,2113
3551,2109
3552,2107
3553,2107
3554,2107
3555,2105
3556,2106
3557,2103
3558,2102
3559,2106
3560,2110
3561,2114
3562,2084
3563,2109
3564,2108
3565,2111
3566,2108
3567,2112
3568,2112
3569,2106
3570,2112
3571,2106
3572,2104
3573,2105
3574,2105
3575,2106
3576,2106
3577,2108
3578,2106
3579,2109
3580,2110
3581,2108
3582,2114
3583,2126
3584,2108
3585,2106
3586,2106
3587,2108
3588,2105
3589,2108
3590,2106
3591,2104
3592,2105
3593,2107
3594,2108
3595,2105
3596,2106
3597,2110
3598,2105
3599,2111
3600,2108
3601,2112
3602,2110
3603,2110
3604,2108
3605,2109
3606,2106
3607,2106
3608,2104
3609,2107
3610,2107
3611,2104
3612,2098
3613,2110
3614,2118
3615,2116
3616,2092
3617,2110
3618,2110
3619,2120
3620,2111
3621,2111
3622,2105
3623,2112
3624,2108
3625,2106
3626,2102
3627,2103
3628,2105
3629,2104
3630,2102
3631,2108
3632,2103
3633,2113
3634,2112
3635,2110
3636,2109
3637,2104
3638,2106
3639,2111
3640,2108
3641,2103
3642,2106
3643,2108
3644,2107
3645,2106
3646,2107
3647,2107
3648,2103
3649,2111
3650,2111
3651,2115
3652,2112
3653,2110
3654,2104
3655,2110
3656,2109
3657,2107
3658,2110
3659,2105
3660,2105
3661,2109
3662,2105
3663,2108
3664,2109
3665,2106
3666,2119
3667,2116
3668,2112
3669,2109
3670,2112
3671,2122
3672,2112
3673,2108
3674,2111
3675,2106
3676,2104
3677,2106
3678,2104
3679,2102
3680,2102
3681,2106
3682,2105
3683,2104
3684,2095
3685,2108
3686,2107
3687,2109
3688,2111
3689,2107
3690,2108
3691,2111
3692,2110
3693,2108
3694,2110
3695,2104
3696,2105
3697,2105
3698,2105
3699,2106
3700,2103
3701,2106
3702,2104
3703,2108
3704,2112
3705,2100
3706,2108
3707,2110
3708,2108
3709,2109
3710,2110
3711,2109
3712,2105
3713,2106
3714,2105
3715,2106
3716,2104
3717,2103
3718,2108
3719,2105
3720,2100
3721,2109
3722,2110
3723,2110
3724,2104
3725,2110
3726,2109
3727,2109
3728,2109
3729,2105
3730,2105
3731,2096
3732,2106
3733,2104
3734,2108
3735,2106
3736,2106
3737,2106
3738,2104
3739,2103
3740,2107
3741,2108
3742,2111
3743,2110
3744,2110
3745,2106
3746,2105
3747,2108
3748,2107
3749,2105
3750,2104
3751,2108
3752,2104
3753,2107
3754,2105
3755,2104
3756,2113
3757,2110
3758,2106
3759,2109
3760,2110
3761,2108
3762,2108
3763,2110
3764,2124
3765,2105
3766,2105
3767,2106
3768,2106
3769,2106
3770,2105
3771,2109
3772,2111
3773,2104
3774,2109
3775,2125
3776,2110
3777,2112
3778,2114
3779,2108
3780,2108
3781,2109
3782,2110
3783,2109
3784,2113
3785,2104
3786,2108
3787,2104
3788,2105
3789,2108
3790,2111
3791,2113
3792,2104
3793,2126
3794,2106
3795,2111
3796,2112
3797,2111
3798,2104
3799,2110
3800,2109
3801,2106
3802,2106
3803,2104
3804,2105
3805,2104
3806,2105
3807,2104
3808,2109
3809,2101
3810,2110
3811,2109
3812,2109
3813,2110
3814,2112
3815,2108
3816,2107
3817,2112
3818,2104
3819,2108
3820,2107
3821,2102
3822,2101
3823,2108
3824,2106
3825,2105
3826,2112
3827,2108
3828,2133
3829,2109
3830,2111
3831,2112
3832,2132
3833,2105
3834,2109
3835,2110
3836,2106
3837,2105
3838,2106
3839,2105
3840,2108
3841,2106
3842,2103
3843,2109
3844,2107
3845,2111
3846,2106
3847,2111
3848,2108
3849,2110
3850,2110
3851,2105
3852,2106
3853,2106
3854,2108
3855,2131
3856,2106
3857,2102
3858,2107
3859,2102
3860,2105
3861,2117
3862,2105
3863,2109
3864,2113
3865,2107
3866,2108
3867,2108
3868,2109
3869,2109
3870,2114
3871,2107
3872,2104
3873,2106
3874,2106
3875,2104
3876,2103
3877,2107
3878,2103
3879,2106
3880,2101
3881,2104
3882,2108
3883,2110
3884,2112
3885,2111
3886,2110
3887,2109
3888,2109
3889,2104
3890,2106
3891,2108
3892,2108
3893,2107
3894,2104
3895,2106
3896,2108
3897,2106
3898,2110
3899,2113
3900,2110
3901,2121
3902,2108
3903,2111
3904,2110
3905,2104
3906,2107
3907,2108
3908,2104
3909,2104
3910,2105
3911,2105
3912,2104
3913,2109
3914,2094
3915,2123
3916,2114
3917,2110
3918,2104
3919,2110
3920,2108
3921,2110
3922,2108
3923,2112
3924,2108
3925,2104
3926,2103
3927,2105
3928,2106
3929,2107
3930,2105
3931,2106
3932,2095
3933,2092
3934,2072
3935,2108
3936,2094
3937,2114
3938,2113
3939,2108
3940,2110
3941,2108
3942,2104
3943,2107
3944,2108
3945,2105
3946,2104
3947,2112
3948,2106
3949,2105
3950,2109
3951,2110
3952,2111
3953,2111
3954,2108
3955,2109
3956,2111
3957,2108
3958,2108
3959,2113
3960,2107
3961,2104
3962,2106
3963,2107
3964,2107
3965,2105
3966,2108
3967,2106
3968,2109
3969,2114
3970,2100
3971,2111
3972,2109
3973,2110
3974,2110
3975,2110
3976,2106
3977,2106
3978,2105
3979,2105
3980,2105
3981,2108
3982,2110
3983,2106
3984,2105
3985,2105
3986,2108
3987,2112
3988,2111
3989,2110
3990,2111
3991,2108
3992,2104
3993,2108
3994,2108
3995,2104
3996,2104
3997,2105
3998,2104
3999,2106
4000,2102
4001,2105
4002,2105
4003,2108
4004,2105
4005,2108
4006,2108
4007,2108
4008,2111
4009,2108
4010,2123
4011,2144
4012,2108
4013,2104
4014,2105
4015,2106
4016,2104
4017,2109
4018,2106
4019,2105
4020,2105
4021,2109
4022,2108
4023,2112
4024,2112
4025,2106
4026,2108
4027,2110
4028,2108
4029,2105
4030,2102
4031,2105
4032,2102
4033,2102
4034,2106
4035,2103
4036,2104
4037,2106
4038,2112
4039,2108
4040,2103
4041,2109
4042,2110
4043,2110
4044,2107
4045,2109
4046,2108
4047,2108
4048,2108
4049,2110
4050,2104
4051,2113
4052,2104
4053,2105
4054,2108
4055,2108
4056,2098
4057,2112
4058,2111
4059,2111
4060,2112
4061,2110
4062,2107
4063,2110
4064,2107
4065,2104
4066,2102
4067,2103
4068,2105
4069,2105
4070,2106
4071,2070
4072,2103
4073,2102
4074,2096
4075,2112
4076,2111
4077,2109
4078,2110
4079,2110
4080,2111
4081,2112
4082,2105
4083,2108
4084,2110
4085,2105
4086,2107
4087,2104
4088,2104
4089,2108
4090,2112
4091,2111
4092,2116
4093,2104
4094,2110
4095,2112
4096,2107
4097,2113
4098,2109
4099,2106
4100,2109
4101,2108
4102,2104
4103,2105
4104,2107
4105,2104
4106,2107
4107,2107
4108,2107
4109,2088
4110,2108
4111,2111
4112,2111
4113,2110
4114,2110
4115,2110
4116,2104
4117,2113
4118,2104
4119,2108
4120,2127
4121,2107
4122,2103
4123,2103
4124,2106
4125,2104
4126,2112
4127,2106
4128,2094
4129,2110
4130,2108
4131,2110
4132,2110
4133,2111
4134,2109
4135,2107
4136,2105
4137,2104
4138,2105
4139,2105
4140,2106
4141,2118
4142,2104
4143,2086
4144,2108
4145,2105
4146,2108
4147,2113
4148,2116
4149,2108
4150,2110
4151,2108
4152,2108
4153,2108
4154,2106
4155,2105
4156,2103
4157,2101
4158,2104
4159,2108
4160,2103
4161,2080
4162,2108
4163,2110
4164,2109
4165,2110
4166,2111
4167,2112
4168,2110
4169,2107
4170,2106
4171,2106
4172,2104
4173,2105
4174,2104
4175,2103
4176,2100
4177,2105
4178,2112
4179,2108
4180,2106
4181,2086
4182,2110
4183,2106
4184,2109
4185,2111
4186,2104
4187,2108
4188,2107
4189,2104
4190,2109
4191,2105
4192,2106
4193,2105
4194,2097
4195,2111
4196,2105
4197,2107
4198,2110
4199,2110
4200,2109
4201,2109
4202,2108
4203,2110
4204,2108
4205,2108
4206,2105
4207,2104
4208,2101
4209,2106
4210,2133
4211,2110
4212,2106
4213,2110
4214,2108
4215,2084
4216,2109
4217,2111
4218,2107
4219,2111
4220,2108
4221,2108
4222,2109
4223,2116
4224,2106
4225,2102
4226,2103
4227,2106
4228,2107
4229,2104
4230,2103
4231,2108
4232,2108
4233,2114
4234,2114
4235,2106
4236,2110
4237,2113
4238,2110
4239,2110
4240,2110
4241,2104
4242,2105
4243,2104
4244,2104
4245,2104
4246,2105
4247,2105
4248,2112
4249,2106
4250,2109
4251,2106
4252,2109
4253,2112
4254,2109
4255,2110
4256,2112
4257,2108
4258,2110
4259,2106
4260,2098
4261,2108
4262,2104
4263,2104
4264,2106
4265,2107
4266,2108
4267,2110
4268,2105
4269,2104
4270,2111
4271,2111
4272,2111
4273,2108
4274,2107
4275,2109
4276,2108
4277,2106
4278,2104
4279,2103
4280,2104
4281,2105
4282,2108
4283,2117
4284,2102
4285,2108
4286,2104
4287,2109
4288,2110
4289,2109
4290,2112
4291,2111
4292,2105
4293,2108
4294,2110
4295,2104
4296,2104
4297,2107
4298,2105
4299,2104
4300,2108
4301,2108
4302,2109
4303,2105
4304,2113
4305,2114
4306,2112
4307,2106
4308,2110
4309,2109
4310,2108
4311,2114
4312,2106
4313,2106
4314,2103
4315,2102
4316,2108
4317,2106
4318,2100
4319,2101
4320,2102
4321,2109
4322,2110
4323,2111
4324,2112
4325,2110
4326,2105
4327,2110
4328,2107
4329,2106
4330,2103
4331,2105
4332,2101
4333,2104
4334,2105
4335,2108
4336,2107
4337,2108
4338,2112
4339,2116
4340,2114
4341,2086
4342,2109
4343,2112
4344,2111
4345,2110
4346,2105
4347,2109
4348,2108
4349,2107
4350,2116
4351,2108
4352,2105
4353,2105
4354,2108
4355,2108
4356,2084
4357,2110
4358,2113
4359,2112
4360,2110
4361,2110
4362,2111
4363,2107
4364,2118
4365,2105
4366,2107
4367,2103
4368,2103
4369,2105
4370,2106
4371,2106
4372,2110
4373,2104
4374,2107
4375,2113
4376,2117
4377,2112
4378,2110
4379,2106
4380,2106
4381,2107
4382,2106
4383,2105
4384,2104
4385,2104
4386,2104
4387,2107
4388,2104
4389,2104
4390,2110
4391,2112
4392,2103
4393,2104
4394,2110
4395,2110
4396,2109
4397,2110
4398,2107
4399,2108
4400,2106
4401,2105
4402,2100
4403,2106
4404,2103
4405,2104
4406,2106
4407,2108
4408,2105
4409,2092
4410,2108
4411,2118
4412,2108
4413,2110
4414,2112
4415,2110
4416,2106
4417,2123
4418,2107
4419,2089
4420,2104
4421,2104
4422,2105
4423,2101
4424,2105
4425,2103
4426,2109
4427,2110
4428,2147
4429,2110
4430,2108
4431,2121
4432,2111
4433,2109
4434,2110
4435,2105
4436,2105
4437,2107
4438,2106
4439,2103
4440,2104
4441,2106
4442,2105
4443,2108
4444,2098
4445,2111
4446,2120
4447,2112
4448,2113
4449,2110
4450,2109
4451,2110
4452,2107
4453,2105
4454,2104
4455,2106
4456,2107
4457,2108
4458,2108
4459,2108
4460,2112
4461,2068
4462,2137
4463,2110
4464,2110
4465,2110
4466,2109
4467,2112
4468,2110
4469,2094
4470,2100
4471,2109
4472,2104
4473,2105
4474,2107
4475,2106
4476,2106
4477,2109
4478,2114
4479,2104
4480,2112
4481,2110
4482,2109
4483,2110
4484,2114
4485,2111
4486,2110
4487,2107
4488,2103
4489,2104
4490,2106
4491,2106
4492,2113
4493,2103
4494,2104
4495,2105
4496,2105
4497,2109
4498,2107
4499,2114
4500,2111
4501,2111
4502,2112
4503,2108
4504,2109
4505,2110
4506,2106
4507,2106
4508,2104
4509,2105
4510,2105
4511,2109
4512,2106
4513,2104
4514,2106
4515,2122
4516,2100
4517,2110
4518,2108
4519,2113
4520,2110
4521,2110
4522,2105
4523,2100
4524,2107
4525,2104
4526,2122
4527,2104
4528,2105
4529,2104
4530,2105
4531,2108
4532,2106
4533,2107
4534,2075
4535,2109
4536,2121
4537,2110
4538,2110
4539,2110
4540,2109
4541,2108
4542,2105
4543,2105
4544,2104
4545,2105
4546,2107
4547,2103
4548,2106
4549,2096
4550,2109
4551,2110
4552,2108
4553,2110
4554,2112
4555,2110
4556,2109
4557,2088
4558,2108
4559,2109
4560,2104
4561,2108
4562,2104
4563,2106
4564,2105
4565,2104
4566,2109
4567,2093
4568,2107
4569,2111
4570,2110
4571,2112
4572,2110
4573,2108
4574,2110
4575,2106
4576,2109
4577,2104
4578,2104
4579,2105
4580,2104
4581,2105
4582,2105
4583,2106
4584,2094
4585,2109
4586,2113
4587,2101
4588,2112
4589,2111
4590,2107
4591,2112
4592,2109
4593,2110
4594,2108
4595,2105
4596,2109
4597,2103
4598,2104
4599,2105
4600,2105
4601,2107
4602,2105
4603,2106
4604,2111
4605,2111
4606,2110
4607,2107
4608,2110
4609,2110
4610,2109
4611,2035
4612,2105
4613,2104
4614,2105
4615,2104
4616,2104
4617,2105
4618,2107
4619,2098
4620,2115
4621,2112
4622,2114
4623,2110
4624,2111
4625,2112
4626,2106
4627,2105
4628,2105
4629,2114
4630,2107
4631,2113
4632,2105
4633,2106
4634,2105
4635,2105
4636,2108
4637,2108
4638,2111
4639,2108
4640,2105
4641,2112
4642,2110
4643,2104
4644,2110
4645,2110
4646,2106
4647,2105
4648,2106
4649,2104
4650,2103
4651,2106
4652,2106
4653,2106
4654,2111
4655,2105
4656,2078
4657,2109
4658,2108
4659,2110
4660,2106
4661,2108
4662,2107
4663,2108
4664,2118
4665,2107
4666,2106
4667,2105
4668,2106
4669,2104
4670,2100
4671,2109
4672,2110
4673,2108
4674,2105
4675,2092
4676,2111
4677,2109
4678,2112
4679,2111
4680,2107
4681,2108
4682,2106
4683,2109
4684,2097
4685,2103
4686,2105
4687,2103
4688,2106
4689,2115
4690,2108
4691,2109
4692,2116
4693,2106
4694,2113
4695,2111
4696,2111
4697,2108
4698,2108
4699,2114
4700,2108
4701,2108
4702,2106
4703,2108
4704,2105
4705,2105
4706,2104
4707,2106
4708,2106
4709,2100
4710,2105
4711,2109
4712,2105
4713,2110
4714,2112
4715,2111
4716,2106
4717,2117
4718,2106
4719,2105
4720,2104
4721,2106
4722,2101
4723,2106
4724,2106
4725,2104
4726,2103
4727,2105
4728,2092
4729,2109
4730,2111
4731,2112
4732,2109
4733,2108
4734,2110
4735,2108
4736,2107
4737,2104
4738,2106
4739,2106
4740,2106
4741,2106
4742,2108
4743,2105
4744,2107
4745,2105
4746,2111
4747,2105
4748,2109
4749,2112
4750,2111
4751,2108
4752,2110
4753,2105
4754,2104
4755,2105
4756,2105
4757,2108
4758,2106
4759,2105
4760,2105
4761,2154
4762,2135
4763,2105
4764,2109
4765,2110
4766,2098
4767,2106
4768,2109
4769,2109
4770,2101
4771,2108
4772,2107
4773,2104
4774,2104
4775,2106
4776,2104
4777,2105
4778,2105
4779,2107
4780,2103
4781,2109
4782,2110
4783,2110
4784,2109
4785,2110
4786,2110
4787,2109
4788,2107
4789,2105
4790,2105
4791,2110
4792,2107
4793,2098
4794,2104
4795,2105
4796,2103
4797,2105
4798,2109
4799,2115
4800,2107
4801,2114
4802,2112
4803,2111
4804,2106
4805,2104
4806,2107
4807,2106
4808,2106
4809,2104
4810,2106
4811,2105
4812,2107
4813,2107
4814,2099
4815,2112
4816,2101
4817,2110
4818,2111
4819,2111
4820,2112
4821,2110
4822,2108
4823,2098
4824,2105
4825,2108
4826,2104
4827,2105
4828,2111
4829,2104
4830,2103
4831,2104
4832,2107
4833,2122
4834,2108
4835,2157
4836,2113
4837,2108
4838,2110
4839,2122
4840,2107
4841,2105
4842,2105
4843,2104
4844,2105
4845,2110
4846,2103
4847,2106
4848,2105
4849,2105
4850,2108
4851,2113
4852,2109
4853,2107
4854,2112
4855,2114
4856,2109
4857,2107
4858,2108
4859,2108
4860,2105
4861,2107
4862,2104
4863,2103
4864,2105
4865,2108
4866,2105
4867,2093
4868,2109
4869,2112
4870,2112
4871,2109
4872,2112
4873,2105
4874,2102
4875,2107
4876,2110
4877,2105
4878,2105
4879,2104
4880,2104
4881,2106
4882,2102
4883,2105
4884,2110
4885,2111
4886,2108
4887,2157
4888,2112
4889,2108
4890,2110
4891,2108
4892,2111
4893,2105
4894,2106
4895,2106
4896,2108
4897,2105
4898,2098
4899,2104
4900,2111
4901,2105
4902,2108
4903,2104
4904,2112
4905,2116
4906,2106
4907,2111
4908,2110
4909,2108
4910,2105
4911,2063
4912,2107
4913,2106
4914,2103
4915,2104
4916,2107
4917,2108
4918,2110
4919,2103
4920,2114
4921,2112
4922,2111
4923,2113
4924,2110
4925,2113
4926,2110
4927,2110
4928,2110
4929,2109
4930,2106
4931,2106
4932,2104
4933,2103
4934,2105
4935,2106
4936,2105
4937,2108
4938,2106
4939,2109
4940,2112
4941,2113
4942,2114
4943,2106
4944,2109
4945,2111
4946,2106
4947,2105
4948,2106
4949,2107
4950,2103
4951,2104
4952,2105
4953,2112
4954,2105
4955,2103
4956,2089
4957,2107
4958,2112
4959,2112
4960,2113
4961,2110
4962,2109
4963,2110
4964,2104
4965,2100
4966,2111
4967,2105
4968,2103
4969,2102
4970,2101
4971,2108
4972,2106
4973,2113
4974,2144
4975,2133
4976,2112
4977,2111
4978,2111
4979,2111
4980,2112
4981,2108
4982,2105
4983,2106
4984,2104
4985,2105
4986,2105
4987,2107
4988,2105
4989,2109
4990,2105
4991,2109
4992,2121
4993,2106
4994,2108
4995,2113
4996,2110
4997,2107
4998,2109
4999,2106
5000,2106
5001,2108
5002,2104
5003,2102
5004,2105
5005,2102
5006,2108
5007,2106
5008,2104
5009,2112
5010,2109
5011,2109
5012,2112
5013,2110
5014,2109
5015,2109
5016,2109
5017,2111
5018,2106
5019,2105
5020,2105
5021,2107
5022,2106
5023,2108
5024,2108
5025,2106
5026,2098
5027,2106
5028,2110
5029,2110
5030,2110
5031,2110
5032,2111
5033,2108
5034,2112
5035,2107
5036,2108
5037,2103
5038,2108
5039,2100
5040,2104
5041,2105
5042,2108
5043,2101
5044,2103
5045,2106
5046,2112
5047,2112
5048,2112
5049,2104
5050,2108
5051,2107
5052,2110
5053,2107
5054,2106
5055,2104
5056,2104
5057,2105
5058,2108
5059,2106
5060,2102
5061,2136
5062,2126
5063,2110
5064,2106
5065,2110
5066,2109
5067,2107
5068,2107
5069,2108
5070,2099
5071,2104
5072,2104
5073,2108
5074,2105
5075,2105
5076,2104
5077,2104
5078,2108
5079,2103
5080,2101
5081,2086
5082,2109
5083,2109
5084,2111
5085,2114
5086,2094
5087,2104
5088,2108
5089,2103
5090,2104
5091,2105
5092,2106
5093,2104
5094,2104
5095,2108
5096,2103
5097,2107
5098,2104
5099,2113
5100,2110
5101,2102
5102,2110
5103,2109
5104,2109
5105,2109
5106,2105
5107,2106
5108,2106
5109,2104
5110,2112
5111,2106
5112,2105
5113,2112
5114,2107
5115,2104
5116,2105
5117,2108
5118,2111
5119,2111
5120,2110
5121,2108
5122,2105
5123,2100
5124,2105
5125,2107
5126,2106
5127,2105
5128,2104
5129,2104
5130,2106
5131,2104
5132,2109
5133,2100
5134,2138
5135,2108
5136,2111
5137,2111
5138,2109
5139,2106
5140,2111
5141,2109
5142,2106
5143,2100
5144,2104
5145,2104
5146,2105
5147,2106
5148,2108
5149,2107
5150,2107
5151,2103
5152,2109
5153,2111
5154,2110
5155,2110
5156,2110
5157,2112
5158,2107
5159,2106
5160,2106
5161,2106
5162,2105
5163,2104
5164,2106
5165,2106
5166,2106
5167,2106
5168,2108
5169,2116
5170,2113
5171,2110
5172,2110
5173,2108
5174,2108
5175,2109
5176,2110
5177,2106
5178,2104
5179,2107
5180,2098
5181,2104
5182,2104
5183,2104
5184,2106
5185,2112
5186,2116
5187,2101
5188,2112
5189,2111
5190,2118
5191,2111
5192,2112
5193,2108
5194,2104
5195,2105
5196,2104
5197,2105
5198,2106
5199,2104
5200,2104
5201,2105
5202,2109
5203,2108
5204,2107
5205,2108
5206,2112
5207,2109
5208,2111
5209,2110
5210,2108
5211,2135
5212,2107
5213,2105
5214,2104
5215,2104
5216,2108
5217,2104
5218,2107
5219,2105
5220,2111
5221,2120
5222,2113
5223,2109
5224,2110
5225,2103
5226,2110
5227,2113
5228,2107
5229,2108
5230,2105
5231,2104
5232,2105
5233,2105
5234,2104
5235,2106
5236,2105
5237,2108
5238,2108
5239,2119
5240,2110
5241,2111
5242,2111
5243,2110
5244,2108
5245,2108
5246,2108
5247,2108
5248,2106
5249,2102
5250,2102
5251,2104
5252,2105
5253,2104
5254,2107
5255,2103
5256,2103
5257,2113
5258,2110
5259,2110
5260,2113
5261,2109
5262,2109
5263,2108
5264,2108
5265,2106
5266,2106
5267,2105
5268,2104
5269,2108
5270,2103
5271,2105
5272,2107
5273,2113
5274,2113
5275,2069
5276,2111
5277,2110
5278,2111
5279,2107
5280,2107
5281,2109
5282,2105
5283,2105
5284,2107
5285,2106
5286,2100
5287,2105
5288,2104
5289,2106
5290,2106
5291,2108
5292,2110
5293,2107
5294,2110
5295,2112
5296,2114
5297,2110
5298,2107
5299,2107
5300,2105
5301,2104
5302,2107
5303,2105
5304,2104
5305,2103
5306,2107
5307,2108
5308,2107
5309,2121
5310,2111
5311,2111
5312,2109
5313,2112
5314,2112
5315,2111
5316,2108
5317,2108
5318,2107
5319,2111
5320,2108
5321,2104
5322,2109
5323,2106
5324,2106
5325,2108
5326,2101
5327,2105
5328,2111
5329,2112
5330,2108
5331,2112
5332,2110
5333,2106
5334,2106
5335,2107
5336,2108
5337,2108
5338,2107
5339,2106
5340,2104
5341,2106
5342,2107
5343,2108
5344,2095
5345,2101
5346,2106
5347,2109
5348,2111
5349,2114
5350,2109
5351,2111
5352,2106
5353,2107
5354,2099
5355,2102
5356,2103
5357,2106
5358,2104
5359,2109
5360,2103
5361,2070
5362,2108
5363,2108
5364,2109
5365,2111
5366,2111
5367,2109
5368,2112
5369,2101
5370,2102
5371,2104
5372,2103
5373,2107
5374,2105
5375,2104
5376,2106
5377,2106
5378,2105
5379,2102
5380,2116
5381,2113
5382,2111
5383,2112
5384,2113
5385,2110
5386,2107
5387,2106
5388,2107
5389,2096
5390,2106
5391,2119
5392,2101
5393,2105
5394,2104
5395,2108
5396,2108
5397,2109
5398,2105
5399,2119
5400,2109
5401,2116
5402,2110
5403,2110
5404,2107
5405,2109
5406,2106
5407,2105
5408,2105
5409,2105
5410,2104
5411,2105
5412,2108
5413,2105
5414,2107
5415,2083
5416,2108
5417,2110
5418,2109
5419,2109
5420,2111
5421,2110
5422,2106
5423,2103
5424,2105
5425,2102
5426,2104
5427,2103
5428,2104
5429,2104
5430,2104
5431,2104
5432,2108
5433,2107
5434,2082
5435,2108
5436,2109
5437,2110
5438,2109
5439,2108
5440,2110
5441,2107
5442,2108
5443,2107
5444,2104
5445,2105
5446,2108
5447,2106
5448,2106
5449,2106
5450,2107
5451,2113
5452,2105
5453,2109
5454,2110
5455,2110
5456,2110
5457,2109
5458,2109
5459,2105
5460,2023
5461,2094
5462,2105
5463,2104
5464,2107
5465,2107
5466,2104
5467,2107
5468,2108
5469,2106
5470,2113
5471,2116
5472,2111
5473,2108
5474,2111
5475,2111
5476,2112
5477,2106
5478,2106
5479,2107
5480,2105
5481,2104
5482,2108
5483,2108
5484,2106
5485,2113
5486,2119
5487,2093
5488,2113
5489,2110
5490,2111
5491,2119
5492,2108
5493,2105
5494,2108
5495,2105
5496,2105
5497,2108
5498,2105
5499,2104
5500,2105
5501,2108
5502,2109
5503,2116
5504,2114
5505,2108
5506,2103
5507,2111
5508,2112
5509,2109
5510,2109
5511,2113
5512,2108
5513,2104
5514,2107
5515,2103
5516,2104
5517,2106
5518,2105
5519,2107
5520,2115
5521,2106
5522,2113
5523,2110
5524,2110
5525,2110
5526,2108
5527,2109
5528,2109
5529,2108
5530,2088
5531,2104
5532,2103
5533,2110
5534,2105
5535,2103
5536,2105
5537,2107
5538,2105
5539,2115
5540,2110
5541,2113
5542,2111
5543,2111
5544,2108
5545,2108
5546,2108
5547,2106
5548,2108
5549,2104
5550,2108
5551,2104
5552,2104
5553,2105
5554,2108
5555,2105
5556,2106
5557,2110
5558,2110
5559,2108
5560,2109
5561,2108
5562,2109
5563,2110
5564,2104
5565,2105
5566,2105
5567,2104
5568,2104
5569,2105
5570,2107
5571,2103
5572,2105
5573,2110
5574,2111
5575,2110
5576,2109
5577,2110
5578,2134
5579,2108
5580,2109
5581,2108
5582,2108
5583,2104
5584,2108
5585,2103
5586,2110
5587,2105
5588,2100
5589,2108
5590,2108
5591,2108
5592,2122
5593,2114
5594,2110
5595,2111
5596,2111
5597,2108
5598,2108
5599,2102
5600,2106
5601,2106
5602,2104
5603,2104
5604,2103
5605,2107
5606,2105
5607,2103
5608,2106
5609,2119
5610,2110
5611,2111
5612,2111
5613,2109
5614,2110
5615,2105
5616,2107
5617,2092
5618,2101
5619,2106
5620,2105
5621,2104
5622,2104
5623,2105
5624,2106
5625,2138
5626,2099
5627,2104
5628,2090
5629,2110
5630,2110
5631,2110
5632,2109
5633,2108
5634,2107
5635,2115
5636,2105
5637,2108
5638,2102
5639,2105
5640,2102
5641,2103
5642,2104
5643,2107
5644,2108
5645,2115
5646,2112
5647,2110
5648,2109
5649,2109
5650,2111
5651,2109
5652,2114
5653,2107
5654,2105
5655,2105
5656,2101
5657,2110
5658,2104
5659,2105
5660,2104
5661,2111
5662,2092
5663,2107
5664,2110
5665,2110
5666,2110
5667,2110
5668,2134
5669,2097
5670,2112
5671,2103
5672,2103
5673,2105
5674,2103
5675,2105
5676,2104
5677,2106
5678,2105
5679,2109
5680,2100
5681,2150
5682,2106
5683,2110
5684,2092
5685,2110
5686,2109
5687,2106
5688,2106
5689,2105
5690,2106
5691,2105
5692,2103
5693,2102
5694,2102
5695,2105
5696,2103
5697,2108
5698,2107
5699,2112
5700,2108
5701,2112
5702,2107
5703,2110
5704,2108
5705,2102
5706,2106
5707,2102
5708,2103
5709,2102
5710,2101
5711,2104
5712,2105
5713,2106
5714,2105
5715,2103
5716,2114
5717,2110
5718,2110
5719,2120
5720,2108
5721,2110
5722,2109
5723,2104
5724,2103
5725,2105
5726,2104
5727,2104
5728,2106
5729,2102
5730,2105
5731,2105
5732,2110
5733,2106
5734,2105
5735,2110
5736,2110
5737,2113
5738,2106
5739,2113
5740,2108
5741,2106
5742,2108
5743,2105
5744,2105
5745,2103
5746,2107
5747,2106
5748,2104
5749,2108
5750,2103
5751,2108
5752,2105
5753,2112
5754,2100
5755,2112
5756,2108
5757,2110
5758,2106
5759,2105
5760,2105
5761,2108
5762,2104
5763,2109
5764,2102
5765,2108
5766,2103
5767,2105
5768,2109
5769,2113
5770,2111
5771,2110
5772,2115
5773,2112
5774,2110
5775,2108
5776,2105
5777,2104
5778,2088
5779,2109
5780,2104
5781,2105
5782,2106
5783,2107
5784,2105
5785,2110
5786,2102
5787,2108
5788,2110
5789,2112
5790,2111
5791,2113
5792,2108
5793,2108
5794,2111
5795,2104
5796,2102
5797,2105
5798,2105
5799,2104
5800,2104
5801,2108
5802,2103
5803,2113
5804,2115
5805,2114
5806,2107
5807,2018
5808,2098
5809,2111
5810,2109
5811,2090
5812,2108
5813,2105
5814,2106
5815,2115
5816,2102
5817,2102
5818,2104
5819,2106
5820,2110
5821,2104
5822,2102
5823,2110
5824,2110
5825,2108
5826,2109
5827,2111
5828,2108
5829,2102
5830,2105
5831,2103
5832,2101
5833,2104
5834,2109
5835,2105
5836,2104
5837,2108
5838,2111
5839,2108
5840,2110
5841,2116
5842,2112
5843,2109
5844,2107
5845,2111
5846,2108
5847,2109
5848,2107
5849,2108
5850,2105
5851,2106
5852,2101
5853,2108
5854,2109
5855,2111
5856,2128
5857,2114
5858,2112
5859,2109
5860,2112
5861,2113
5862,2109
5863,2110
5864,2093
5865,2104
5866,2105
5867,2105
5868,2103
5869,2102
5870,2103
5871,2103
5872,2105
5873,2106
5874,2107
5875,2070
5876,2091
5877,2124
5878,2112
5879,2110
5880,2109
5881,2108
5882,2105
5883,2105
5884,2106
5885,2105
5886,2102
5887,2105
5888,2107
5889,2105
5890,2108
5891,2110
5892,2109
5893,2105
5894,2114
5895,2112
5896,2107
5897,2112
5898,2107
5899,2109
5900,2104
5901,2110
5902,2107
5903,2106
5904,2102
5905,2107
5906,2109
5907,2105
5908,2106
5909,2088
5910,2108
5911,2111
5912,2107
5913,2116
5914,2114
5915,2108
5916,2105
5917,2094
5918,2108
5919,2105
5920,2104
5921,2088
5922,2105
5923,2100
5924,2109
5925,2105
5926,2106
5927,2103
5928,2112
5929,2108
5930,2108
5931,2111
5932,2112
5933,2108
5934,2103
5935,2108
5936,2105
5937,2105
5938,2105
5939,2103
5940,2103
5941,2105
5942,2105
5943,2105
5944,2110
5945,2136
5946,2124
5947,2110
5948,2117
5949,2109
5950,2108
5951,2110
5952,2103
5953,2107
5954,2106
5955,2106
5956,2101
5957,2108
5958,2099
5959,2105
5960,2110
5961,2132
5962,2093
5963,2106
5964,2109
5965,2118
5966,2111
5967,2109
5968,2111
5969,2106
5970,2112
5971,2107
5972,2102
5973,2102
5974,2106
5975,2104
5976,2102
5977,2105
5978,2106
5979,2111
5980,2117
5981,2119
5982,2111
5983,2110
5984,2114
5985,2113
5986,2106
5987,2108
5988,2112
5989,2108
5990,2105
5991,2104
5992,2108
5993,2102
5994,2102
5995,2105
5996,2105
5997,2107
5998,2108
5999,2108

